Date,Open,High,Low,Close,Volume,Dividends,Stock Splits,Ticker
2018-07-04 00:00:00+05:30,4.7083330154418945,4.791666030883789,4.683332920074463,4.775000095367432,312000,0.0,0.0,OSWALSEEDS.NS
2018-07-05 00:00:00+05:30,4.633333206176758,4.666666030883789,4.633333206176758,4.666666030883789,48000,0.0,0.0,OSWALSEEDS.NS
2018-07-06 00:00:00+05:30,4.525000095367432,4.666666030883789,4.525000095367432,4.658332824707031,120000,0.0,0.0,OSWALSEEDS.NS
2018-07-09 00:00:00+05:30,4.550000190734863,4.916666030883789,4.550000190734863,4.733333110809326,648000,0.0,0.0,OSWALSEEDS.NS
2018-07-10 00:00:00+05:30,4.8333330154418945,4.916666030883789,4.691666126251221,4.691666126251221,192000,0.0,0.0,OSWALSEEDS.NS
2018-07-11 00:00:00+05:30,4.666666030883789,4.666666030883789,4.666666030883789,4.666666030883789,48000,0.0,0.0,OSWALSEEDS.NS
2018-07-12 00:00:00+05:30,4.550000190734863,4.5833330154418945,4.5,4.5833330154418945,120000,0.0,0.0,OSWALSEEDS.NS
2018-07-13 00:00:00+05:30,4.599999904632568,4.666666030883789,4.358333110809326,4.658332824707031,1176000,0.0,0.0,OSWALSEEDS.NS
2018-07-16 00:00:00+05:30,4.666666030883789,4.666666030883789,4.416666030883789,4.508333206176758,288000,0.0,0.0,OSWALSEEDS.NS
2018-07-17 00:00:00+05:30,4.5833330154418945,4.5833330154418945,4.5,4.533332824707031,168000,0.0,0.0,OSWALSEEDS.NS
2018-07-18 00:00:00+05:30,4.433332920074463,4.533332824707031,4.349999904632568,4.483333110809326,840000,0.0,0.0,OSWALSEEDS.NS
2018-07-19 00:00:00+05:30,4.5833330154418945,4.5833330154418945,4.5,4.525000095367432,864000,0.0,0.0,OSWALSEEDS.NS
2018-07-20 00:00:00+05:30,4.550000190734863,4.550000190734863,4.516665935516357,4.516665935516357,768000,0.0,0.0,OSWALSEEDS.NS
2018-07-23 00:00:00+05:30,4.466666221618652,4.5833330154418945,4.449999809265137,4.533332824707031,312000,0.0,0.0,OSWALSEEDS.NS
2018-07-24 00:00:00+05:30,4.449999809265137,4.625,4.449999809265137,4.566666126251221,576000,0.0,0.0,OSWALSEEDS.NS
2018-07-25 00:00:00+05:30,4.666666030883789,4.666666030883789,4.5,4.591666221618652,360000,0.0,0.0,OSWALSEEDS.NS
2018-07-26 00:00:00+05:30,4.591666221618652,4.591666221618652,4.591666221618652,4.591666221618652,0,0.0,0.0,OSWALSEEDS.NS
2018-07-27 00:00:00+05:30,4.516665935516357,4.691666126251221,4.449999809265137,4.650000095367432,288000,0.0,0.0,OSWALSEEDS.NS
2018-07-30 00:00:00+05:30,4.5833330154418945,4.666666030883789,4.541666030883789,4.541666030883789,336000,0.0,0.0,OSWALSEEDS.NS
2018-07-31 00:00:00+05:30,4.550000190734863,4.658332824707031,4.550000190734863,4.633333206176758,312000,0.0,0.0,OSWALSEEDS.NS
2018-08-01 00:00:00+05:30,4.5833330154418945,4.5833330154418945,4.5833330154418945,4.5833330154418945,24000,0.0,0.0,OSWALSEEDS.NS
2018-08-02 00:00:00+05:30,4.599999904632568,4.608333110809326,4.574999809265137,4.5833330154418945,168000,0.0,0.0,OSWALSEEDS.NS
2018-08-03 00:00:00+05:30,4.3333330154418945,4.466666221618652,4.3333330154418945,4.4583330154418945,192000,0.0,0.0,OSWALSEEDS.NS
2018-08-06 00:00:00+05:30,4.5,4.666666030883789,4.5,4.641665935516357,312000,0.0,0.0,OSWALSEEDS.NS
2018-08-07 00:00:00+05:30,4.616665840148926,4.650000095367432,4.525000095367432,4.525000095367432,312000,0.0,0.0,OSWALSEEDS.NS
2018-08-08 00:00:00+05:30,4.525000095367432,4.525000095367432,4.525000095367432,4.525000095367432,0,0.0,0.0,OSWALSEEDS.NS
2018-08-09 00:00:00+05:30,4.650000095367432,4.650000095367432,4.341666221618652,4.400000095367432,888000,0.0,0.0,OSWALSEEDS.NS
2018-08-10 00:00:00+05:30,4.358333110809326,4.466666221618652,4.341666221618652,4.358333110809326,648000,0.0,0.0,OSWALSEEDS.NS
2018-08-13 00:00:00+05:30,4.341666221618652,4.483333110809326,4.341666221618652,4.483333110809326,312000,0.0,0.0,OSWALSEEDS.NS
2018-08-14 00:00:00+05:30,4.449999809265137,4.550000190734863,4.400000095367432,4.416666030883789,384000,0.0,0.0,OSWALSEEDS.NS
2018-08-16 00:00:00+05:30,4.491665840148926,4.550000190734863,4.491665840148926,4.525000095367432,120000,0.0,0.0,OSWALSEEDS.NS
2018-08-17 00:00:00+05:30,4.533332824707031,4.633333206176758,4.4583330154418945,4.466666221618652,504000,0.0,0.0,OSWALSEEDS.NS
2018-08-20 00:00:00+05:30,4.466666221618652,4.466666221618652,4.466666221618652,4.466666221618652,0,0.0,0.0,OSWALSEEDS.NS
2018-08-21 00:00:00+05:30,4.466666221618652,4.466666221618652,4.466666221618652,4.466666221618652,0,0.0,0.0,OSWALSEEDS.NS
2018-08-23 00:00:00+05:30,4.358333110809326,4.625,4.358333110809326,4.574999809265137,168000,0.0,0.0,OSWALSEEDS.NS
2018-08-24 00:00:00+05:30,4.466666221618652,4.574999809265137,4.391665935516357,4.391665935516357,168000,0.0,0.0,OSWALSEEDS.NS
2018-08-27 00:00:00+05:30,4.391665935516357,4.391665935516357,4.391665935516357,4.391665935516357,0,0.0,0.0,OSWALSEEDS.NS
2018-08-28 00:00:00+05:30,4.508333206176758,4.566666126251221,4.341666221618652,4.5,240000,0.0,0.0,OSWALSEEDS.NS
2018-08-29 00:00:00+05:30,4.375,4.5,4.375,4.466666221618652,120000,0.0,0.0,OSWALSEEDS.NS
2018-08-30 00:00:00+05:30,4.349999904632568,4.533332824707031,4.349999904632568,4.533332824707031,48000,0.0,0.0,OSWALSEEDS.NS
2018-08-31 00:00:00+05:30,4.525000095367432,4.791666030883789,4.525000095367432,4.733333110809326,456000,0.0,0.0,OSWALSEEDS.NS
2018-09-03 00:00:00+05:30,4.383333206176758,4.383333206176758,4.383333206176758,4.383333206176758,24000,0.0,0.0,OSWALSEEDS.NS
2018-09-04 00:00:00+05:30,4.383333206176758,4.383333206176758,4.383333206176758,4.383333206176758,0,0.0,0.0,OSWALSEEDS.NS
2018-09-05 00:00:00+05:30,4.574999809265137,4.666666030883789,4.574999809265137,4.666666030883789,216000,0.0,0.0,OSWALSEEDS.NS
2018-09-06 00:00:00+05:30,4.666666030883789,4.741665840148926,4.650000095367432,4.650000095367432,168000,0.0,0.0,OSWALSEEDS.NS
2018-09-07 00:00:00+05:30,4.666666030883789,4.666666030883789,4.658332824707031,4.666666030883789,144000,0.0,0.0,OSWALSEEDS.NS
2018-09-10 00:00:00+05:30,4.625,4.625,4.5833330154418945,4.5833330154418945,480000,0.0,0.0,OSWALSEEDS.NS
2018-09-11 00:00:00+05:30,4.466666221618652,4.533332824707031,4.466666221618652,4.533332824707031,48000,0.0,0.0,OSWALSEEDS.NS
2018-09-12 00:00:00+05:30,4.5833330154418945,4.650000095367432,4.5833330154418945,4.616665840148926,48000,0.0,0.0,OSWALSEEDS.NS
2018-09-14 00:00:00+05:30,4.349999904632568,4.574999809265137,4.349999904632568,4.5,264000,0.0,0.0,OSWALSEEDS.NS
2018-09-17 00:00:00+05:30,4.5,4.5,4.5,4.5,216000,0.0,0.0,OSWALSEEDS.NS
2018-09-18 00:00:00+05:30,4.5,4.5,4.5,4.5,24000,0.0,0.0,OSWALSEEDS.NS
2018-09-19 00:00:00+05:30,4.366665840148926,4.5,4.341666221618652,4.5,96000,0.0,0.0,OSWALSEEDS.NS
2018-09-21 00:00:00+05:30,4.366665840148926,4.599999904632568,4.341666221618652,4.599999904632568,408000,0.0,0.0,OSWALSEEDS.NS
2018-09-24 00:00:00+05:30,4.349999904632568,4.5,4.341666221618652,4.341666221618652,264000,0.0,0.0,OSWALSEEDS.NS
2018-09-25 00:00:00+05:30,4.341666221618652,4.349999904632568,4.3333330154418945,4.341666221618652,240000,0.0,0.0,OSWALSEEDS.NS
2018-09-26 00:00:00+05:30,4.349999904632568,4.491665840148926,4.091666221618652,4.358333110809326,864000,0.0,0.0,OSWALSEEDS.NS
2018-09-27 00:00:00+05:30,4.341666221618652,4.341666221618652,4.341666221618652,4.341666221618652,24000,0.0,0.0,OSWALSEEDS.NS
2018-09-28 00:00:00+05:30,4.341666221618652,4.341666221618652,4.3333330154418945,4.3333330154418945,144000,0.0,0.0,OSWALSEEDS.NS
2018-10-01 00:00:00+05:30,4.3333330154418945,4.3333330154418945,4.066666126251221,4.308332920074463,312000,0.0,0.0,OSWALSEEDS.NS
2018-10-03 00:00:00+05:30,4.341666221618652,4.416666030883789,4.341666221618652,4.341666221618652,192000,0.0,0.0,OSWALSEEDS.NS
2018-10-04 00:00:00+05:30,4.416666030883789,4.449999809265137,4.341666221618652,4.341666221618652,120000,0.0,0.0,OSWALSEEDS.NS
2018-10-05 00:00:00+05:30,4.341666221618652,4.341666221618652,4.341666221618652,4.341666221618652,24000,0.0,0.0,OSWALSEEDS.NS
2018-10-08 00:00:00+05:30,4.349999904632568,4.349999904632568,4.349999904632568,4.349999904632568,48000,0.0,0.0,OSWALSEEDS.NS
2018-10-09 00:00:00+05:30,4.341666221618652,4.375,4.341666221618652,4.375,240000,0.0,0.0,OSWALSEEDS.NS
2018-10-10 00:00:00+05:30,4.341666221618652,4.5,4.341666221618652,4.341666221618652,312000,0.0,0.0,OSWALSEEDS.NS
2018-10-11 00:00:00+05:30,4.341666221618652,4.341666221618652,4.3333330154418945,4.3333330154418945,264000,0.0,0.0,OSWALSEEDS.NS
2018-10-12 00:00:00+05:30,4.341666221618652,4.341666221618652,4.341666221618652,4.341666221618652,48000,0.0,0.0,OSWALSEEDS.NS
2018-10-15 00:00:00+05:30,4.341666221618652,4.5833330154418945,4.341666221618652,4.375,456000,0.0,0.0,OSWALSEEDS.NS
2018-10-16 00:00:00+05:30,4.375,4.375,4.375,4.375,24000,0.0,0.0,OSWALSEEDS.NS
2018-10-17 00:00:00+05:30,4.341666221618652,4.341666221618652,4.341666221618652,4.341666221618652,24000,0.0,0.0,OSWALSEEDS.NS
2018-10-19 00:00:00+05:30,4.416666030883789,4.416666030883789,4.341666221618652,4.341666221618652,72000,0.0,0.0,OSWALSEEDS.NS
2018-10-22 00:00:00+05:30,4.2083330154418945,4.375,4.2083330154418945,4.366665840148926,480000,0.0,0.0,OSWALSEEDS.NS
2018-10-23 00:00:00+05:30,4.416666030883789,4.416666030883789,4.375,4.375,456000,0.0,0.0,OSWALSEEDS.NS
2018-10-24 00:00:00+05:30,4.216666221618652,4.3333330154418945,4.216666221618652,4.3333330154418945,144000,0.0,0.0,OSWALSEEDS.NS
2018-10-25 00:00:00+05:30,4.099999904632568,4.291666030883789,4.099999904632568,4.291666030883789,288000,0.0,0.0,OSWALSEEDS.NS
2018-10-26 00:00:00+05:30,4.383333206176758,4.383333206176758,4.3333330154418945,4.3333330154418945,240000,0.0,0.0,OSWALSEEDS.NS
2018-10-29 00:00:00+05:30,4.3333330154418945,4.3333330154418945,4.3333330154418945,4.3333330154418945,48000,0.0,0.0,OSWALSEEDS.NS
2018-10-30 00:00:00+05:30,4.3333330154418945,4.3333330154418945,4.3333330154418945,4.3333330154418945,0,0.0,0.0,OSWALSEEDS.NS
2018-10-31 00:00:00+05:30,4.183332920074463,4.183332920074463,4.183332920074463,4.183332920074463,24000,0.0,0.0,OSWALSEEDS.NS
2018-11-01 00:00:00+05:30,4.183332920074463,4.183332920074463,4.183332920074463,4.183332920074463,0,0.0,0.0,OSWALSEEDS.NS
2018-11-02 00:00:00+05:30,4.183332920074463,4.183332920074463,4.183332920074463,4.183332920074463,0,0.0,0.0,OSWALSEEDS.NS
2018-11-05 00:00:00+05:30,4.183332920074463,4.183332920074463,4.183332920074463,4.183332920074463,0,0.0,0.0,OSWALSEEDS.NS
2018-11-06 00:00:00+05:30,4.183332920074463,4.183332920074463,4.183332920074463,4.183332920074463,0,0.0,0.0,OSWALSEEDS.NS
2018-11-07 00:00:00+05:30,4.416666030883789,4.416666030883789,4.416666030883789,4.416666030883789,24000,0.0,0.0,OSWALSEEDS.NS
2018-11-09 00:00:00+05:30,4.416666030883789,4.416666030883789,4.416666030883789,4.416666030883789,0,0.0,0.0,OSWALSEEDS.NS
2018-11-12 00:00:00+05:30,4.416666030883789,4.416666030883789,4.416666030883789,4.416666030883789,0,0.0,0.0,OSWALSEEDS.NS
2018-11-13 00:00:00+05:30,4.416666030883789,4.416666030883789,4.416666030883789,4.416666030883789,0,0.0,0.0,OSWALSEEDS.NS
2018-11-14 00:00:00+05:30,4.416666030883789,4.416666030883789,4.416666030883789,4.416666030883789,0,0.0,0.0,OSWALSEEDS.NS
2018-11-15 00:00:00+05:30,4.416666030883789,4.416666030883789,4.416666030883789,4.416666030883789,0,0.0,0.0,OSWALSEEDS.NS
2018-11-16 00:00:00+05:30,4.0833330154418945,4.0833330154418945,4.0833330154418945,4.0833330154418945,24000,0.0,0.0,OSWALSEEDS.NS
2018-11-19 00:00:00+05:30,4.0833330154418945,4.0833330154418945,4.0833330154418945,4.0833330154418945,0,0.0,0.0,OSWALSEEDS.NS
2018-11-20 00:00:00+05:30,4.3333330154418945,4.3333330154418945,4.3333330154418945,4.3333330154418945,72000,0.0,0.0,OSWALSEEDS.NS
2018-11-21 00:00:00+05:30,4.416666030883789,4.4583330154418945,4.416666030883789,4.4583330154418945,120000,0.0,0.0,OSWALSEEDS.NS
2018-11-22 00:00:00+05:30,4.400000095367432,4.400000095367432,4.3333330154418945,4.3333330154418945,144000,0.0,0.0,OSWALSEEDS.NS
2018-11-26 00:00:00+05:30,4.3333330154418945,4.3333330154418945,4.3333330154418945,4.3333330154418945,0,0.0,0.0,OSWALSEEDS.NS
2018-11-27 00:00:00+05:30,4.3333330154418945,4.3333330154418945,4.3333330154418945,4.3333330154418945,0,0.0,0.0,OSWALSEEDS.NS
2018-11-28 00:00:00+05:30,4.3333330154418945,4.3333330154418945,4.3333330154418945,4.3333330154418945,0,0.0,0.0,OSWALSEEDS.NS
2018-11-29 00:00:00+05:30,4.3333330154418945,4.3333330154418945,4.3333330154418945,4.3333330154418945,0,0.0,0.0,OSWALSEEDS.NS
2018-11-30 00:00:00+05:30,4.466666221618652,4.466666221618652,4.25,4.25,72000,0.0,0.0,OSWALSEEDS.NS
2018-12-03 00:00:00+05:30,4.25,4.25,4.25,4.25,0,0.0,0.0,OSWALSEEDS.NS
2018-12-04 00:00:00+05:30,4.25,4.25,4.25,4.25,0,0.0,0.0,OSWALSEEDS.NS
2018-12-05 00:00:00+05:30,4.366665840148926,4.366665840148926,4.366665840148926,4.366665840148926,192000,0.0,0.0,OSWALSEEDS.NS
2018-12-06 00:00:00+05:30,4.366665840148926,4.366665840148926,4.366665840148926,4.366665840148926,0,0.0,0.0,OSWALSEEDS.NS
2018-12-07 00:00:00+05:30,4.366665840148926,4.366665840148926,4.366665840148926,4.366665840148926,0,0.0,0.0,OSWALSEEDS.NS
2018-12-10 00:00:00+05:30,4.416666030883789,4.416666030883789,4.416666030883789,4.416666030883789,48000,0.0,0.0,OSWALSEEDS.NS
2018-12-11 00:00:00+05:30,4.416666030883789,4.416666030883789,4.416666030883789,4.416666030883789,0,0.0,0.0,OSWALSEEDS.NS
2018-12-12 00:00:00+05:30,4.3333330154418945,4.3333330154418945,4.3333330154418945,4.3333330154418945,24000,0.0,0.0,OSWALSEEDS.NS
2018-12-13 00:00:00+05:30,4.416666030883789,4.416666030883789,4.416666030883789,4.416666030883789,120000,0.0,0.0,OSWALSEEDS.NS
2018-12-14 00:00:00+05:30,4.416666030883789,4.416666030883789,4.416666030883789,4.416666030883789,0,0.0,0.0,OSWALSEEDS.NS
2018-12-17 00:00:00+05:30,4.383333206176758,4.391665935516357,4.383333206176758,4.383333206176758,48000,0.0,0.0,OSWALSEEDS.NS
2018-12-18 00:00:00+05:30,4.383333206176758,4.383333206176758,4.383333206176758,4.383333206176758,0,0.0,0.0,OSWALSEEDS.NS
2018-12-19 00:00:00+05:30,4.599999904632568,4.599999904632568,4.599999904632568,4.599999904632568,24000,0.0,0.0,OSWALSEEDS.NS
2018-12-20 00:00:00+05:30,4.5,4.5,4.5,4.5,24000,0.0,0.0,OSWALSEEDS.NS
2018-12-21 00:00:00+05:30,4.5,4.5,4.5,4.5,0,0.0,0.0,OSWALSEEDS.NS
2018-12-24 00:00:00+05:30,4.425000190734863,4.5,4.416666030883789,4.4583330154418945,432000,0.0,0.0,OSWALSEEDS.NS
2018-12-26 00:00:00+05:30,4.3333330154418945,4.5,4.3333330154418945,4.391665935516357,120000,0.0,0.0,OSWALSEEDS.NS
2018-12-27 00:00:00+05:30,4.391665935516357,4.391665935516357,4.391665935516357,4.391665935516357,0,0.0,0.0,OSWALSEEDS.NS
2018-12-28 00:00:00+05:30,4.5833330154418945,4.5833330154418945,4.5833330154418945,4.5833330154418945,72000,0.0,0.0,OSWALSEEDS.NS
2018-12-31 00:00:00+05:30,4.5833330154418945,4.5833330154418945,4.5833330154418945,4.5833330154418945,0,0.0,0.0,OSWALSEEDS.NS
2019-01-01 00:00:00+05:30,4.5833330154418945,4.5833330154418945,4.5833330154418945,4.5833330154418945,0,0.0,0.0,OSWALSEEDS.NS
2019-01-02 00:00:00+05:30,4.5833330154418945,4.5833330154418945,4.5833330154418945,4.5833330154418945,0,0.0,0.0,OSWALSEEDS.NS
2019-01-03 00:00:00+05:30,4.5833330154418945,4.5833330154418945,4.5833330154418945,4.5833330154418945,0,0.0,0.0,OSWALSEEDS.NS
2019-01-04 00:00:00+05:30,4.416666030883789,4.449999809265137,4.416666030883789,4.416666030883789,120000,0.0,0.0,OSWALSEEDS.NS
2019-01-07 00:00:00+05:30,4.416666030883789,4.416666030883789,4.416666030883789,4.416666030883789,0,0.0,0.0,OSWALSEEDS.NS
2019-01-08 00:00:00+05:30,4.433332920074463,4.433332920074463,4.266665935516357,4.266665935516357,96000,0.0,0.0,OSWALSEEDS.NS
2019-01-09 00:00:00+05:30,4.166666030883789,4.449999809265137,4.166666030883789,4.3333330154418945,504000,0.0,0.0,OSWALSEEDS.NS
2019-01-10 00:00:00+05:30,4.408332824707031,4.449999809265137,4.408332824707031,4.425000190734863,96000,0.0,0.0,OSWALSEEDS.NS
2019-01-11 00:00:00+05:30,4.425000190734863,4.425000190734863,4.425000190734863,4.425000190734863,0,0.0,0.0,OSWALSEEDS.NS
2019-01-14 00:00:00+05:30,4.425000190734863,4.425000190734863,4.425000190734863,4.425000190734863,0,0.0,0.0,OSWALSEEDS.NS
2019-01-15 00:00:00+05:30,5.25,5.25,4.933332920074463,4.933332920074463,216000,0.0,0.0,OSWALSEEDS.NS
2019-01-16 00:00:00+05:30,4.933332920074463,4.933332920074463,4.933332920074463,4.933332920074463,0,0.0,0.0,OSWALSEEDS.NS
2019-01-17 00:00:00+05:30,4.933332920074463,4.933332920074463,4.933332920074463,4.933332920074463,0,0.0,0.0,OSWALSEEDS.NS
2019-01-18 00:00:00+05:30,4.566666126251221,4.5833330154418945,4.533332824707031,4.5833330154418945,120000,0.0,0.0,OSWALSEEDS.NS
2019-01-21 00:00:00+05:30,3.75,4.3333330154418945,3.75,4.008333206176758,408000,0.0,0.0,OSWALSEEDS.NS
2019-01-22 00:00:00+05:30,3.416666030883789,4.233333110809326,3.416666030883789,3.7249999046325684,312000,0.0,0.0,OSWALSEEDS.NS
2019-01-23 00:00:00+05:30,3.7249999046325684,3.7249999046325684,3.7249999046325684,3.7249999046325684,0,0.0,0.0,OSWALSEEDS.NS
2019-01-24 00:00:00+05:30,3.7249999046325684,3.7249999046325684,3.7249999046325684,3.7249999046325684,0,0.0,0.0,OSWALSEEDS.NS
2019-01-25 00:00:00+05:30,3.7249999046325684,3.7249999046325684,3.7249999046325684,3.7249999046325684,0,0.0,0.0,OSWALSEEDS.NS
2019-01-28 00:00:00+05:30,3.7249999046325684,3.7249999046325684,3.7249999046325684,3.7249999046325684,0,0.0,0.0,OSWALSEEDS.NS
2019-01-29 00:00:00+05:30,3.7249999046325684,3.7249999046325684,3.7249999046325684,3.7249999046325684,0,0.0,0.0,OSWALSEEDS.NS
2019-01-30 00:00:00+05:30,3.7249999046325684,3.7249999046325684,3.7249999046325684,3.7249999046325684,0,0.0,0.0,OSWALSEEDS.NS
2019-01-31 00:00:00+05:30,3.7249999046325684,3.7249999046325684,3.7249999046325684,3.7249999046325684,0,0.0,0.0,OSWALSEEDS.NS
2019-02-01 00:00:00+05:30,3.7249999046325684,3.7249999046325684,3.7249999046325684,3.7249999046325684,0,0.0,0.0,OSWALSEEDS.NS
2019-02-04 00:00:00+05:30,3.7249999046325684,3.7249999046325684,3.7249999046325684,3.7249999046325684,0,0.0,0.0,OSWALSEEDS.NS
2019-02-05 00:00:00+05:30,3.7249999046325684,3.7249999046325684,3.7249999046325684,3.7249999046325684,0,0.0,0.0,OSWALSEEDS.NS
2019-02-06 00:00:00+05:30,3.5,3.5,3.5,3.5,24000,0.0,0.0,OSWALSEEDS.NS
2019-02-07 00:00:00+05:30,3.5,3.5,3.5,3.5,0,0.0,0.0,OSWALSEEDS.NS
2019-02-08 00:00:00+05:30,3.5,3.5,3.5,3.5,0,0.0,0.0,OSWALSEEDS.NS
2019-02-11 00:00:00+05:30,3.5,3.5,3.5,3.5,0,0.0,0.0,OSWALSEEDS.NS
2019-02-12 00:00:00+05:30,3.674999952316284,3.674999952316284,3.674999952316284,3.674999952316284,216000,0.0,0.0,OSWALSEEDS.NS
2019-02-14 00:00:00+05:30,3.674999952316284,3.674999952316284,3.674999952316284,3.674999952316284,144000,0.0,0.0,OSWALSEEDS.NS
2019-02-15 00:00:00+05:30,3.674999952316284,3.674999952316284,3.674999952316284,3.674999952316284,0,0.0,0.0,OSWALSEEDS.NS
2019-02-18 00:00:00+05:30,3.674999952316284,3.674999952316284,3.674999952316284,3.674999952316284,0,0.0,0.0,OSWALSEEDS.NS
2019-02-19 00:00:00+05:30,3.674999952316284,3.674999952316284,3.674999952316284,3.674999952316284,0,0.0,0.0,OSWALSEEDS.NS
2019-02-20 00:00:00+05:30,3.674999952316284,3.674999952316284,3.674999952316284,3.674999952316284,0,0.0,0.0,OSWALSEEDS.NS
2019-02-21 00:00:00+05:30,3.674999952316284,3.674999952316284,3.674999952316284,3.674999952316284,0,0.0,0.0,OSWALSEEDS.NS
2019-02-22 00:00:00+05:30,3.674999952316284,3.674999952316284,3.674999952316284,3.674999952316284,0,0.0,0.0,OSWALSEEDS.NS
2019-02-25 00:00:00+05:30,3.674999952316284,3.674999952316284,3.674999952316284,3.674999952316284,0,0.0,0.0,OSWALSEEDS.NS
2019-02-26 00:00:00+05:30,3.858333110809326,3.858333110809326,3.858333110809326,3.858333110809326,24000,0.0,0.0,OSWALSEEDS.NS
2019-02-27 00:00:00+05:30,3.858333110809326,3.858333110809326,3.858333110809326,3.858333110809326,0,0.0,0.0,OSWALSEEDS.NS
2019-02-28 00:00:00+05:30,4.050000190734863,4.050000190734863,4.050000190734863,4.050000190734863,24000,0.0,0.0,OSWALSEEDS.NS
2019-03-01 00:00:00+05:30,4.25,4.25,4.25,4.25,24000,0.0,0.0,OSWALSEEDS.NS
2019-03-05 00:00:00+05:30,4.283332824707031,4.416666030883789,4.266665935516357,4.416666030883789,216000,0.0,0.0,OSWALSEEDS.NS
2019-03-06 00:00:00+05:30,4.383333206176758,4.5,4.366665840148926,4.5,120000,0.0,0.0,OSWALSEEDS.NS
2019-03-07 00:00:00+05:30,4.5,4.5,4.5,4.5,0,0.0,0.0,OSWALSEEDS.NS
2019-03-08 00:00:00+05:30,4.5,4.5,4.5,4.5,0,0.0,0.0,OSWALSEEDS.NS
2019-03-11 00:00:00+05:30,4.5,4.5,4.5,4.5,0,0.0,0.0,OSWALSEEDS.NS
2019-03-12 00:00:00+05:30,4.5,4.5,4.5,4.5,480000,0.0,0.0,OSWALSEEDS.NS
2019-03-13 00:00:00+05:30,4.5,4.5,4.5,4.5,0,0.0,0.0,OSWALSEEDS.NS
2019-03-14 00:00:00+05:30,4.5,4.5,4.5,4.5,0,0.0,0.0,OSWALSEEDS.NS
2019-03-15 00:00:00+05:30,4.5,4.5,4.5,4.5,0,0.0,0.0,OSWALSEEDS.NS
2019-03-18 00:00:00+05:30,4.5,4.5,4.5,4.5,0,0.0,0.0,OSWALSEEDS.NS
2019-03-19 00:00:00+05:30,4.416666030883789,4.416666030883789,4.416666030883789,4.416666030883789,72000,0.0,0.0,OSWALSEEDS.NS
2019-03-20 00:00:00+05:30,4.408332824707031,4.633333206176758,4.408332824707031,4.633333206176758,528000,0.0,0.0,OSWALSEEDS.NS
2019-03-22 00:00:00+05:30,4.666666030883789,4.849999904632568,4.666666030883789,4.8333330154418945,912000,0.0,0.0,OSWALSEEDS.NS
2019-03-25 00:00:00+05:30,4.591666221618652,4.983333110809326,4.591666221618652,4.983333110809326,192000,0.0,0.0,OSWALSEEDS.NS
2019-03-26 00:00:00+05:30,4.741665840148926,4.741665840148926,4.741665840148926,4.741665840148926,24000,0.0,0.0,OSWALSEEDS.NS
2019-03-27 00:00:00+05:30,4.741665840148926,4.741665840148926,4.733333110809326,4.741665840148926,288000,0.0,0.0,OSWALSEEDS.NS
2019-03-28 00:00:00+05:30,4.741665840148926,4.741665840148926,4.741665840148926,4.741665840148926,0,0.0,0.0,OSWALSEEDS.NS
2019-04-01 00:00:00+05:30,4.574999809265137,4.574999809265137,4.574999809265137,4.574999809265137,24000,0.0,0.0,OSWALSEEDS.NS
2019-04-02 00:00:00+05:30,4.741665840148926,4.741665840148926,4.741665840148926,4.741665840148926,192000,0.0,0.0,OSWALSEEDS.NS
2019-04-03 00:00:00+05:30,4.741665840148926,4.741665840148926,4.741665840148926,4.741665840148926,0,0.0,0.0,OSWALSEEDS.NS
2019-04-04 00:00:00+05:30,4.566666126251221,4.566666126251221,4.566666126251221,4.566666126251221,24000,0.0,0.0,OSWALSEEDS.NS
2019-04-05 00:00:00+05:30,4.5,4.5,4.5,4.5,24000,0.0,0.0,OSWALSEEDS.NS
2019-04-08 00:00:00+05:30,4.5,4.5,4.5,4.5,24000,0.0,0.0,OSWALSEEDS.NS
2019-04-09 00:00:00+05:30,4.5,4.5,4.5,4.5,0,0.0,0.0,OSWALSEEDS.NS
2019-04-10 00:00:00+05:30,4.5,4.5,4.5,4.5,0,0.0,0.0,OSWALSEEDS.NS
2019-04-11 00:00:00+05:30,4.5,4.5,4.5,4.5,0,0.0,0.0,OSWALSEEDS.NS
2019-04-12 00:00:00+05:30,4.5,4.5,4.5,4.5,0,0.0,0.0,OSWALSEEDS.NS
2019-04-15 00:00:00+05:30,4.5,4.5,4.5,4.5,0,0.0,0.0,OSWALSEEDS.NS
2019-04-16 00:00:00+05:30,4.658332824707031,4.658332824707031,4.658332824707031,4.658332824707031,24000,0.0,0.0,OSWALSEEDS.NS
2019-04-18 00:00:00+05:30,4.658332824707031,4.658332824707031,4.658332824707031,4.658332824707031,0,0.0,0.0,OSWALSEEDS.NS
2019-04-22 00:00:00+05:30,4.5,4.5,4.5,4.5,24000,0.0,0.0,OSWALSEEDS.NS
2019-04-23 00:00:00+05:30,4.5,4.5,4.5,4.5,24000,0.0,0.0,OSWALSEEDS.NS
2019-04-24 00:00:00+05:30,4.416666030883789,4.416666030883789,4.416666030883789,4.416666030883789,24000,0.0,0.0,OSWALSEEDS.NS
2019-04-25 00:00:00+05:30,4.416666030883789,4.416666030883789,4.416666030883789,4.416666030883789,0,0.0,0.0,OSWALSEEDS.NS
2019-04-26 00:00:00+05:30,4.416666030883789,4.416666030883789,4.416666030883789,4.416666030883789,0,0.0,0.0,OSWALSEEDS.NS
2019-04-30 00:00:00+05:30,4.416666030883789,4.416666030883789,4.416666030883789,4.416666030883789,0,0.0,0.0,OSWALSEEDS.NS
2019-05-02 00:00:00+05:30,4.416666030883789,4.416666030883789,4.416666030883789,4.416666030883789,0,0.0,0.0,OSWALSEEDS.NS
2019-05-03 00:00:00+05:30,4.416666030883789,4.416666030883789,4.416666030883789,4.416666030883789,0,0.0,0.0,OSWALSEEDS.NS
2019-05-06 00:00:00+05:30,4.416666030883789,4.416666030883789,4.416666030883789,4.416666030883789,0,0.0,0.0,OSWALSEEDS.NS
2019-05-07 00:00:00+05:30,4.416666030883789,4.416666030883789,4.416666030883789,4.416666030883789,0,0.0,0.0,OSWALSEEDS.NS
2019-05-08 00:00:00+05:30,4.383333206176758,4.383333206176758,4.383333206176758,4.383333206176758,24000,0.0,0.0,OSWALSEEDS.NS
2019-05-09 00:00:00+05:30,4.383333206176758,4.383333206176758,4.383333206176758,4.383333206176758,0,0.0,0.0,OSWALSEEDS.NS
2019-05-10 00:00:00+05:30,4.383333206176758,4.383333206176758,4.383333206176758,4.383333206176758,0,0.0,0.0,OSWALSEEDS.NS
2019-05-13 00:00:00+05:30,4.383333206176758,4.383333206176758,4.383333206176758,4.383333206176758,0,0.0,0.0,OSWALSEEDS.NS
2019-05-14 00:00:00+05:30,4.383333206176758,4.383333206176758,4.383333206176758,4.383333206176758,0,0.0,0.0,OSWALSEEDS.NS
2019-05-15 00:00:00+05:30,4.383333206176758,4.383333206176758,4.383333206176758,4.383333206176758,0,0.0,0.0,OSWALSEEDS.NS
2019-05-16 00:00:00+05:30,4.383333206176758,4.383333206176758,4.383333206176758,4.383333206176758,0,0.0,0.0,OSWALSEEDS.NS
2019-05-17 00:00:00+05:30,4.383333206176758,4.383333206176758,4.383333206176758,4.383333206176758,0,0.0,0.0,OSWALSEEDS.NS
2019-05-20 00:00:00+05:30,4.383333206176758,4.383333206176758,4.383333206176758,4.383333206176758,0,0.0,0.0,OSWALSEEDS.NS
2019-05-21 00:00:00+05:30,4.383333206176758,4.383333206176758,4.383333206176758,4.383333206176758,0,0.0,0.0,OSWALSEEDS.NS
2019-05-22 00:00:00+05:30,4.383333206176758,4.383333206176758,4.383333206176758,4.383333206176758,0,0.0,0.0,OSWALSEEDS.NS
2019-05-23 00:00:00+05:30,4.383333206176758,4.383333206176758,4.383333206176758,4.383333206176758,0,0.0,0.0,OSWALSEEDS.NS
2019-05-24 00:00:00+05:30,4.383333206176758,4.383333206176758,4.383333206176758,4.383333206176758,0,0.0,0.0,OSWALSEEDS.NS
2019-05-27 00:00:00+05:30,4.383333206176758,4.383333206176758,4.383333206176758,4.383333206176758,0,0.0,0.0,OSWALSEEDS.NS
2019-05-28 00:00:00+05:30,4.383333206176758,4.383333206176758,4.383333206176758,4.383333206176758,0,0.0,0.0,OSWALSEEDS.NS
2019-05-29 00:00:00+05:30,4.383333206176758,4.383333206176758,4.383333206176758,4.383333206176758,0,0.0,0.0,OSWALSEEDS.NS
2019-05-30 00:00:00+05:30,4.183332920074463,4.183332920074463,4.166666030883789,4.183332920074463,72000,0.0,0.0,OSWALSEEDS.NS
2019-05-31 00:00:00+05:30,4.183332920074463,4.183332920074463,4.183332920074463,4.183332920074463,0,0.0,0.0,OSWALSEEDS.NS
2019-06-03 00:00:00+05:30,4.183332920074463,4.183332920074463,4.183332920074463,4.183332920074463,0,0.0,0.0,OSWALSEEDS.NS
2019-06-04 00:00:00+05:30,4.183332920074463,4.183332920074463,4.183332920074463,4.183332920074463,0,0.0,0.0,OSWALSEEDS.NS
2019-06-06 00:00:00+05:30,4.183332920074463,4.183332920074463,4.183332920074463,4.183332920074463,0,0.0,0.0,OSWALSEEDS.NS
2019-06-07 00:00:00+05:30,4.183332920074463,4.183332920074463,4.183332920074463,4.183332920074463,0,0.0,0.0,OSWALSEEDS.NS
2019-06-10 00:00:00+05:30,4.3333330154418945,4.3333330154418945,4.3333330154418945,4.3333330154418945,24000,0.0,0.0,OSWALSEEDS.NS
2019-06-11 00:00:00+05:30,4.3333330154418945,4.3333330154418945,4.3333330154418945,4.3333330154418945,0,0.0,0.0,OSWALSEEDS.NS
2019-06-12 00:00:00+05:30,4.416666030883789,4.4583330154418945,4.416666030883789,4.4583330154418945,72000,0.0,0.0,OSWALSEEDS.NS
2019-06-13 00:00:00+05:30,4.4583330154418945,4.4583330154418945,4.4583330154418945,4.4583330154418945,0,0.0,0.0,OSWALSEEDS.NS
2019-06-14 00:00:00+05:30,4.4583330154418945,4.4583330154418945,4.4583330154418945,4.4583330154418945,0,0.0,0.0,OSWALSEEDS.NS
2019-06-17 00:00:00+05:30,4.4583330154418945,4.4583330154418945,4.4583330154418945,4.4583330154418945,0,0.0,0.0,OSWALSEEDS.NS
2019-06-18 00:00:00+05:30,4.5,4.5,4.5,4.5,72000,0.0,0.0,OSWALSEEDS.NS
2019-06-19 00:00:00+05:30,4.5,4.5,4.5,4.5,24000,0.0,0.0,OSWALSEEDS.NS
2019-06-20 00:00:00+05:30,4.5,4.5,4.5,4.5,0,0.0,0.0,OSWALSEEDS.NS
2019-06-21 00:00:00+05:30,4.474999904632568,4.474999904632568,4.474999904632568,4.474999904632568,24000,0.0,0.0,OSWALSEEDS.NS
2019-06-24 00:00:00+05:30,4.283332824707031,4.3333330154418945,4.283332824707031,4.308332920074463,48000,0.0,0.0,OSWALSEEDS.NS
2019-06-25 00:00:00+05:30,4.3333330154418945,4.3333330154418945,4.3333330154418945,4.3333330154418945,72000,0.0,0.0,OSWALSEEDS.NS
2019-06-26 00:00:00+05:30,4.3333330154418945,4.3333330154418945,4.3333330154418945,4.3333330154418945,0,0.0,0.0,OSWALSEEDS.NS
2019-06-27 00:00:00+05:30,4.3333330154418945,4.3333330154418945,4.3333330154418945,4.3333330154418945,0,0.0,0.0,OSWALSEEDS.NS
2019-06-28 00:00:00+05:30,4.3333330154418945,4.3333330154418945,4.3333330154418945,4.3333330154418945,0,0.0,0.0,OSWALSEEDS.NS
2019-07-01 00:00:00+05:30,4.3333330154418945,4.3333330154418945,4.3333330154418945,4.3333330154418945,0,0.0,0.0,OSWALSEEDS.NS
2019-07-02 00:00:00+05:30,4.3333330154418945,4.3333330154418945,4.3333330154418945,4.3333330154418945,0,0.0,0.0,OSWALSEEDS.NS
2019-07-03 00:00:00+05:30,4.3333330154418945,4.3333330154418945,4.3333330154418945,4.3333330154418945,0,0.0,0.0,OSWALSEEDS.NS
2019-07-04 00:00:00+05:30,4.3333330154418945,4.3333330154418945,4.3333330154418945,4.3333330154418945,0,0.0,0.0,OSWALSEEDS.NS
2019-07-05 00:00:00+05:30,4.3333330154418945,4.3333330154418945,4.3333330154418945,4.3333330154418945,0,0.0,0.0,OSWALSEEDS.NS
2019-07-08 00:00:00+05:30,4.3333330154418945,4.3333330154418945,4.3333330154418945,4.3333330154418945,0,0.0,0.0,OSWALSEEDS.NS
2019-07-09 00:00:00+05:30,4.3333330154418945,4.3333330154418945,4.3333330154418945,4.3333330154418945,0,0.0,0.0,OSWALSEEDS.NS
2019-07-10 00:00:00+05:30,4.3333330154418945,4.3333330154418945,4.3333330154418945,4.3333330154418945,0,0.0,0.0,OSWALSEEDS.NS
2019-07-11 00:00:00+05:30,4.3333330154418945,4.3333330154418945,4.3333330154418945,4.3333330154418945,0,0.0,0.0,OSWALSEEDS.NS
2019-07-12 00:00:00+05:30,4.3333330154418945,4.3333330154418945,4.3333330154418945,4.3333330154418945,0,0.0,0.0,OSWALSEEDS.NS
2019-07-15 00:00:00+05:30,4.3333330154418945,4.3333330154418945,4.3333330154418945,4.3333330154418945,0,0.0,0.0,OSWALSEEDS.NS
2019-07-16 00:00:00+05:30,4.3333330154418945,4.3333330154418945,4.3333330154418945,4.3333330154418945,0,0.0,0.0,OSWALSEEDS.NS
2019-07-17 00:00:00+05:30,4.3333330154418945,4.3333330154418945,4.3333330154418945,4.3333330154418945,0,0.0,0.0,OSWALSEEDS.NS
2019-07-18 00:00:00+05:30,4.383333206176758,4.383333206176758,4.383333206176758,4.383333206176758,72000,0.0,0.0,OSWALSEEDS.NS
2019-07-19 00:00:00+05:30,4.166666030883789,4.183332920074463,4.166666030883789,4.183332920074463,48000,0.0,0.0,OSWALSEEDS.NS
2019-07-22 00:00:00+05:30,3.9749999046325684,4.0,3.9749999046325684,3.983333110809326,96000,0.0,0.0,OSWALSEEDS.NS
2019-07-23 00:00:00+05:30,3.791666030883789,3.791666030883789,3.791666030883789,3.791666030883789,24000,0.0,0.0,OSWALSEEDS.NS
2019-07-24 00:00:00+05:30,3.608333110809326,3.666666030883789,3.608333110809326,3.666666030883789,48000,0.0,0.0,OSWALSEEDS.NS
2019-07-25 00:00:00+05:30,3.483333110809326,3.549999952316284,3.483333110809326,3.549999952316284,48000,0.0,0.0,OSWALSEEDS.NS
2019-07-26 00:00:00+05:30,3.375,3.5,3.375,3.5,48000,0.0,0.0,OSWALSEEDS.NS
2019-07-29 00:00:00+05:30,3.325000047683716,3.450000047683716,3.325000047683716,3.450000047683716,48000,0.0,0.0,OSWALSEEDS.NS
2019-07-30 00:00:00+05:30,3.4666659832000732,3.4666659832000732,3.4666659832000732,3.4666659832000732,24000,0.0,0.0,OSWALSEEDS.NS
2019-07-31 00:00:00+05:30,3.4666659832000732,3.4666659832000732,3.4666659832000732,3.4666659832000732,0,0.0,0.0,OSWALSEEDS.NS
2019-08-01 00:00:00+05:30,3.4666659832000732,3.4666659832000732,3.4666659832000732,3.4666659832000732,0,0.0,0.0,OSWALSEEDS.NS
2019-08-02 00:00:00+05:30,3.4666659832000732,3.4666659832000732,3.4666659832000732,3.4666659832000732,0,0.0,0.0,OSWALSEEDS.NS
2019-08-05 00:00:00+05:30,3.366666078567505,3.366666078567505,3.3333330154418945,3.3333330154418945,48000,0.0,0.0,OSWALSEEDS.NS
2019-08-06 00:00:00+05:30,3.3333330154418945,3.3333330154418945,3.3333330154418945,3.3333330154418945,0,0.0,0.0,OSWALSEEDS.NS
2019-08-07 00:00:00+05:30,3.3333330154418945,3.3333330154418945,3.3333330154418945,3.3333330154418945,0,0.0,0.0,OSWALSEEDS.NS
2019-08-08 00:00:00+05:30,3.3333330154418945,3.3333330154418945,3.3333330154418945,3.3333330154418945,0,0.0,0.0,OSWALSEEDS.NS
2019-08-09 00:00:00+05:30,3.3499999046325684,3.3499999046325684,3.3499999046325684,3.3499999046325684,48000,0.0,0.0,OSWALSEEDS.NS
2019-08-13 00:00:00+05:30,3.3499999046325684,3.3499999046325684,3.3499999046325684,3.3499999046325684,48000,0.0,0.0,OSWALSEEDS.NS
2019-08-14 00:00:00+05:30,3.3499999046325684,3.3499999046325684,3.3499999046325684,3.3499999046325684,0,0.0,0.0,OSWALSEEDS.NS
2019-08-16 00:00:00+05:30,3.3499999046325684,3.3499999046325684,3.3499999046325684,3.3499999046325684,0,0.0,0.0,OSWALSEEDS.NS
2019-08-19 00:00:00+05:30,3.491666078567505,3.5083329677581787,3.491666078567505,3.5083329677581787,96000,0.0,0.0,OSWALSEEDS.NS
2019-08-20 00:00:00+05:30,3.666666030883789,3.674999952316284,3.666666030883789,3.666666030883789,72000,0.0,0.0,OSWALSEEDS.NS
2019-08-21 00:00:00+05:30,3.8416659832000732,3.8416659832000732,3.808332920074463,3.8166658878326416,120000,0.0,0.0,OSWALSEEDS.NS
2019-08-22 00:00:00+05:30,3.983333110809326,4.0,3.983333110809326,4.0,120000,0.0,0.0,OSWALSEEDS.NS
2019-08-23 00:00:00+05:30,4.150000095367432,4.183332920074463,3.8333330154418945,4.175000190734863,240000,0.0,0.0,OSWALSEEDS.NS
2019-08-26 00:00:00+05:30,4.316666126251221,4.383333206176758,4.316666126251221,4.366665840148926,1320000,0.0,0.0,OSWALSEEDS.NS
2019-08-27 00:00:00+05:30,4.541666030883789,4.566666126251221,4.525000095367432,4.541666030883789,552000,0.0,0.0,OSWALSEEDS.NS
2019-08-28 00:00:00+05:30,4.7083330154418945,4.724999904632568,4.400000095367432,4.408332824707031,240000,0.0,0.0,OSWALSEEDS.NS
2019-08-29 00:00:00+05:30,4.5833330154418945,4.5833330154418945,4.541666030883789,4.574999809265137,480000,0.0,0.0,OSWALSEEDS.NS
2019-08-30 00:00:00+05:30,4.5833330154418945,4.5833330154418945,4.550000190734863,4.566666126251221,672000,0.0,0.0,OSWALSEEDS.NS
2019-09-03 00:00:00+05:30,4.650000095367432,4.658332824707031,4.574999809265137,4.5833330154418945,888000,0.0,0.0,OSWALSEEDS.NS
2019-09-04 00:00:00+05:30,4.358333110809326,4.5833330154418945,4.358333110809326,4.5833330154418945,72000,0.0,0.0,OSWALSEEDS.NS
2019-09-05 00:00:00+05:30,4.366665840148926,4.366665840148926,4.366665840148926,4.366665840148926,24000,0.0,0.0,OSWALSEEDS.NS
2019-09-06 00:00:00+05:30,4.366665840148926,4.366665840148926,4.366665840148926,4.366665840148926,0,0.0,0.0,OSWALSEEDS.NS
2019-09-09 00:00:00+05:30,4.5,4.508333206176758,4.483333110809326,4.491665840148926,96000,0.0,0.0,OSWALSEEDS.NS
2019-09-11 00:00:00+05:30,4.5,4.558332920074463,4.5,4.558332920074463,120000,0.0,0.0,OSWALSEEDS.NS
2019-09-12 00:00:00+05:30,4.566666126251221,4.5833330154418945,4.533332824707031,4.541666030883789,936000,0.0,0.0,OSWALSEEDS.NS
2019-09-13 00:00:00+05:30,4.550000190734863,4.550000190734863,4.525000095367432,4.525000095367432,144000,0.0,0.0,OSWALSEEDS.NS
2019-09-16 00:00:00+05:30,4.591666221618652,4.591666221618652,4.308332920074463,4.5,1248000,0.0,0.0,OSWALSEEDS.NS
2019-09-17 00:00:00+05:30,4.5,4.5,4.5,4.5,0,0.0,0.0,OSWALSEEDS.NS
2019-09-18 00:00:00+05:30,4.275000095367432,4.275000095367432,4.275000095367432,4.275000095367432,24000,0.0,0.0,OSWALSEEDS.NS
2019-09-19 00:00:00+05:30,4.275000095367432,4.275000095367432,4.275000095367432,4.275000095367432,0,0.0,0.0,OSWALSEEDS.NS
2019-09-20 00:00:00+05:30,4.375,4.466666221618652,4.375,4.441666126251221,72000,0.0,0.0,OSWALSEEDS.NS
2019-09-23 00:00:00+05:30,4.441666126251221,4.441666126251221,4.441666126251221,4.441666126251221,0,0.0,0.0,OSWALSEEDS.NS
2019-09-24 00:00:00+05:30,4.441666126251221,4.441666126251221,4.441666126251221,4.441666126251221,0,0.0,0.0,OSWALSEEDS.NS
2019-09-25 00:00:00+05:30,4.5,4.5,4.5,4.5,24000,0.0,0.0,OSWALSEEDS.NS
2019-09-26 00:00:00+05:30,4.5,4.641665935516357,4.5,4.591666221618652,672000,0.0,0.0,OSWALSEEDS.NS
2019-09-27 00:00:00+05:30,4.599999904632568,4.699999809265137,4.599999904632568,4.633333206176758,600000,0.0,0.0,OSWALSEEDS.NS
2019-09-30 00:00:00+05:30,4.75,4.758333206176758,4.75,4.758333206176758,144000,0.0,0.0,OSWALSEEDS.NS
2019-10-01 00:00:00+05:30,4.666666030883789,4.666666030883789,4.666666030883789,4.666666030883789,24000,0.0,0.0,OSWALSEEDS.NS
2019-10-03 00:00:00+05:30,4.666666030883789,4.666666030883789,4.433332920074463,4.441666126251221,96000,0.0,0.0,OSWALSEEDS.NS
2019-10-04 00:00:00+05:30,4.550000190734863,4.550000190734863,4.5,4.5,216000,0.0,0.0,OSWALSEEDS.NS
2019-10-07 00:00:00+05:30,4.516665935516357,4.516665935516357,4.516665935516357,4.516665935516357,24000,0.0,0.0,OSWALSEEDS.NS
2019-10-09 00:00:00+05:30,4.516665935516357,4.516665935516357,4.516665935516357,4.516665935516357,0,0.0,0.0,OSWALSEEDS.NS
2019-10-10 00:00:00+05:30,4.566666126251221,4.566666126251221,4.300000190734863,4.300000190734863,456000,0.0,0.0,OSWALSEEDS.NS
2019-10-11 00:00:00+05:30,4.3333330154418945,4.3333330154418945,4.3333330154418945,4.3333330154418945,24000,0.0,0.0,OSWALSEEDS.NS
2019-10-14 00:00:00+05:30,4.3333330154418945,4.3333330154418945,4.3333330154418945,4.3333330154418945,0,0.0,0.0,OSWALSEEDS.NS
2019-10-15 00:00:00+05:30,4.3333330154418945,4.3333330154418945,4.3333330154418945,4.3333330154418945,0,0.0,0.0,OSWALSEEDS.NS
2019-10-16 00:00:00+05:30,4.416666030883789,4.416666030883789,4.416666030883789,4.416666030883789,48000,0.0,0.0,OSWALSEEDS.NS
2019-10-17 00:00:00+05:30,4.416666030883789,4.416666030883789,4.416666030883789,4.416666030883789,0,0.0,0.0,OSWALSEEDS.NS
2019-10-18 00:00:00+05:30,4.199999809265137,4.199999809265137,4.199999809265137,4.199999809265137,24000,0.0,0.0,OSWALSEEDS.NS
2019-10-22 00:00:00+05:30,4.199999809265137,4.199999809265137,4.199999809265137,4.199999809265137,0,0.0,0.0,OSWALSEEDS.NS
2019-10-23 00:00:00+05:30,4.199999809265137,4.199999809265137,4.199999809265137,4.199999809265137,0,0.0,0.0,OSWALSEEDS.NS
2019-10-24 00:00:00+05:30,4.199999809265137,4.199999809265137,4.199999809265137,4.199999809265137,0,0.0,0.0,OSWALSEEDS.NS
2019-10-25 00:00:00+05:30,4.199999809265137,4.199999809265137,4.199999809265137,4.199999809265137,0,0.0,0.0,OSWALSEEDS.NS
2019-10-27 00:00:00+05:30,4.0,4.0,4.0,4.0,24000,0.0,0.0,OSWALSEEDS.NS
2019-10-29 00:00:00+05:30,4.0,4.0,4.0,4.0,0,0.0,0.0,OSWALSEEDS.NS
2019-10-30 00:00:00+05:30,4.0,4.0,4.0,4.0,0,0.0,0.0,OSWALSEEDS.NS
2019-10-31 00:00:00+05:30,4.0,4.0,4.0,4.0,0,0.0,0.0,OSWALSEEDS.NS
2019-11-01 00:00:00+05:30,3.799999952316284,3.799999952316284,3.799999952316284,3.799999952316284,24000,0.0,0.0,OSWALSEEDS.NS
2019-11-04 00:00:00+05:30,3.799999952316284,3.799999952316284,3.799999952316284,3.799999952316284,0,0.0,0.0,OSWALSEEDS.NS
2019-11-05 00:00:00+05:30,3.799999952316284,3.799999952316284,3.799999952316284,3.799999952316284,0,0.0,0.0,OSWALSEEDS.NS
2019-11-06 00:00:00+05:30,3.799999952316284,3.799999952316284,3.799999952316284,3.799999952316284,0,0.0,0.0,OSWALSEEDS.NS
2019-11-07 00:00:00+05:30,3.799999952316284,3.799999952316284,3.799999952316284,3.799999952316284,0,0.0,0.0,OSWALSEEDS.NS
2019-11-08 00:00:00+05:30,3.799999952316284,3.799999952316284,3.799999952316284,3.799999952316284,0,0.0,0.0,OSWALSEEDS.NS
2019-11-11 00:00:00+05:30,3.799999952316284,3.8166658878326416,3.799999952316284,3.808332920074463,96000,0.0,0.0,OSWALSEEDS.NS
2019-11-13 00:00:00+05:30,3.808332920074463,3.808332920074463,3.808332920074463,3.808332920074463,0,0.0,0.0,OSWALSEEDS.NS
2019-11-14 00:00:00+05:30,4.0,4.025000095367432,4.0,4.016665935516357,96000,0.0,0.0,OSWALSEEDS.NS
2019-11-15 00:00:00+05:30,4.074999809265137,4.091666221618652,4.074999809265137,4.091666221618652,72000,0.0,0.0,OSWALSEEDS.NS
2019-11-18 00:00:00+05:30,4.166666030883789,4.166666030883789,4.066666126251221,4.066666126251221,72000,0.0,0.0,OSWALSEEDS.NS
2019-11-19 00:00:00+05:30,4.25,4.258333206176758,4.25,4.25,96000,0.0,0.0,OSWALSEEDS.NS
2019-11-20 00:00:00+05:30,4.266665935516357,4.441666126251221,4.266665935516357,4.425000190734863,120000,0.0,0.0,OSWALSEEDS.NS
2019-11-21 00:00:00+05:30,4.408332824707031,4.474999904632568,4.275000095367432,4.425000190734863,168000,0.0,0.0,OSWALSEEDS.NS
2019-11-22 00:00:00+05:30,4.316666126251221,4.508333206176758,4.316666126251221,4.508333206176758,72000,0.0,0.0,OSWALSEEDS.NS
2019-11-25 00:00:00+05:30,4.508333206176758,4.558332920074463,4.508333206176758,4.558332920074463,96000,0.0,0.0,OSWALSEEDS.NS
2019-11-26 00:00:00+05:30,4.558332920074463,4.558332920074463,4.558332920074463,4.558332920074463,0,0.0,0.0,OSWALSEEDS.NS
2019-11-27 00:00:00+05:30,4.533332824707031,4.625,4.474999904632568,4.625,192000,0.0,0.0,OSWALSEEDS.NS
2019-11-28 00:00:00+05:30,4.691666126251221,4.7083330154418945,4.449999809265137,4.558332920074463,264000,0.0,0.0,OSWALSEEDS.NS
2019-11-29 00:00:00+05:30,4.558332920074463,4.558332920074463,4.558332920074463,4.558332920074463,0,0.0,0.0,OSWALSEEDS.NS
2019-12-02 00:00:00+05:30,4.558332920074463,4.558332920074463,4.558332920074463,4.558332920074463,0,0.0,0.0,OSWALSEEDS.NS
2019-12-03 00:00:00+05:30,4.558332920074463,4.558332920074463,4.558332920074463,4.558332920074463,0,0.0,0.0,OSWALSEEDS.NS
2019-12-04 00:00:00+05:30,4.558332920074463,4.558332920074463,4.558332920074463,4.558332920074463,0,0.0,0.0,OSWALSEEDS.NS
2019-12-05 00:00:00+05:30,4.558332920074463,4.558332920074463,4.558332920074463,4.558332920074463,0,0.0,0.0,OSWALSEEDS.NS
2019-12-06 00:00:00+05:30,4.216666221618652,4.216666221618652,4.216666221618652,4.216666221618652,24000,0.0,0.0,OSWALSEEDS.NS
2019-12-09 00:00:00+05:30,4.216666221618652,4.216666221618652,4.216666221618652,4.216666221618652,0,0.0,0.0,OSWALSEEDS.NS
2019-12-10 00:00:00+05:30,4.166666030883789,4.166666030883789,4.166666030883789,4.166666030883789,24000,0.0,0.0,OSWALSEEDS.NS
2019-12-11 00:00:00+05:30,4.133333206176758,4.133333206176758,4.133333206176758,4.133333206176758,24000,0.0,0.0,OSWALSEEDS.NS
2019-12-12 00:00:00+05:30,4.133333206176758,4.133333206176758,4.133333206176758,4.133333206176758,0,0.0,0.0,OSWALSEEDS.NS
2019-12-13 00:00:00+05:30,4.133333206176758,4.133333206176758,4.133333206176758,4.133333206176758,0,0.0,0.0,OSWALSEEDS.NS
2019-12-16 00:00:00+05:30,4.133333206176758,4.133333206176758,4.133333206176758,4.133333206176758,0,0.0,0.0,OSWALSEEDS.NS
2019-12-17 00:00:00+05:30,4.300000190734863,4.308332920074463,4.300000190734863,4.300000190734863,72000,0.0,0.0,OSWALSEEDS.NS
2019-12-18 00:00:00+05:30,4.300000190734863,4.300000190734863,4.300000190734863,4.300000190734863,0,0.0,0.0,OSWALSEEDS.NS
2019-12-19 00:00:00+05:30,4.449999809265137,4.550000190734863,4.441666126251221,4.508333206176758,816000,0.0,0.0,OSWALSEEDS.NS
2019-12-20 00:00:00+05:30,4.5,4.683332920074463,4.5,4.650000095367432,1104000,0.0,0.0,OSWALSEEDS.NS
2019-12-23 00:00:00+05:30,4.683332920074463,4.766665935516357,4.683332920074463,4.699999809265137,528000,0.0,0.0,OSWALSEEDS.NS
2019-12-24 00:00:00+05:30,4.75,4.808332920074463,4.75,4.808332920074463,432000,0.0,0.0,OSWALSEEDS.NS
2019-12-26 00:00:00+05:30,4.8333330154418945,4.8333330154418945,4.800000190734863,4.8333330154418945,264000,0.0,0.0,OSWALSEEDS.NS
2019-12-27 00:00:00+05:30,4.916666030883789,4.966666221618652,4.650000095367432,4.650000095367432,144000,0.0,0.0,OSWALSEEDS.NS
2019-12-30 00:00:00+05:30,4.5833330154418945,4.5833330154418945,4.5833330154418945,4.5833330154418945,24000,0.0,0.0,OSWALSEEDS.NS
2019-12-31 00:00:00+05:30,4.683332920074463,4.733333110809326,4.683332920074463,4.724999904632568,240000,0.0,0.0,OSWALSEEDS.NS
2020-01-01 00:00:00+05:30,4.724999904632568,4.724999904632568,4.724999904632568,4.724999904632568,0,0.0,0.0,OSWALSEEDS.NS
2020-01-02 00:00:00+05:30,4.724999904632568,4.724999904632568,4.724999904632568,4.724999904632568,0,0.0,0.0,OSWALSEEDS.NS
2020-01-03 00:00:00+05:30,4.633333206176758,4.633333206176758,4.608333110809326,4.608333110809326,48000,0.0,0.0,OSWALSEEDS.NS
2020-01-06 00:00:00+05:30,4.483333110809326,4.633333206176758,4.4583330154418945,4.625,360000,0.0,0.0,OSWALSEEDS.NS
2020-01-07 00:00:00+05:30,4.625,4.625,4.625,4.625,0,0.0,0.0,OSWALSEEDS.NS
2020-01-08 00:00:00+05:30,4.616665840148926,4.616665840148926,4.616665840148926,4.616665840148926,24000,0.0,0.0,OSWALSEEDS.NS
2020-01-09 00:00:00+05:30,4.616665840148926,4.616665840148926,4.616665840148926,4.616665840148926,0,0.0,0.0,OSWALSEEDS.NS
2020-01-10 00:00:00+05:30,4.616665840148926,4.616665840148926,4.616665840148926,4.616665840148926,0,0.0,0.0,OSWALSEEDS.NS
2020-01-13 00:00:00+05:30,4.616665840148926,4.616665840148926,4.616665840148926,4.616665840148926,0,0.0,0.0,OSWALSEEDS.NS
2020-01-14 00:00:00+05:30,4.616665840148926,4.616665840148926,4.616665840148926,4.616665840148926,0,0.0,0.0,OSWALSEEDS.NS
2020-01-15 00:00:00+05:30,4.616665840148926,4.616665840148926,4.616665840148926,4.616665840148926,0,0.0,0.0,OSWALSEEDS.NS
2020-01-16 00:00:00+05:30,4.616665840148926,4.616665840148926,4.616665840148926,4.616665840148926,0,0.0,0.0,OSWALSEEDS.NS
2020-01-17 00:00:00+05:30,4.616665840148926,4.616665840148926,4.616665840148926,4.616665840148926,0,0.0,0.0,OSWALSEEDS.NS
2020-01-20 00:00:00+05:30,4.616665840148926,4.616665840148926,4.616665840148926,4.616665840148926,0,0.0,0.0,OSWALSEEDS.NS
2020-01-21 00:00:00+05:30,4.616665840148926,4.616665840148926,4.616665840148926,4.616665840148926,0,0.0,0.0,OSWALSEEDS.NS
2020-01-22 00:00:00+05:30,4.616665840148926,4.616665840148926,4.616665840148926,4.616665840148926,0,0.0,0.0,OSWALSEEDS.NS
2020-01-23 00:00:00+05:30,4.616665840148926,4.616665840148926,4.616665840148926,4.616665840148926,0,0.0,0.0,OSWALSEEDS.NS
2020-01-24 00:00:00+05:30,4.616665840148926,4.616665840148926,4.616665840148926,4.616665840148926,0,0.0,0.0,OSWALSEEDS.NS
2020-01-27 00:00:00+05:30,4.616665840148926,4.616665840148926,4.616665840148926,4.616665840148926,0,0.0,0.0,OSWALSEEDS.NS
2020-01-28 00:00:00+05:30,4.616665840148926,4.616665840148926,4.616665840148926,4.616665840148926,0,0.0,0.0,OSWALSEEDS.NS
2020-01-29 00:00:00+05:30,4.616665840148926,4.616665840148926,4.616665840148926,4.616665840148926,0,0.0,0.0,OSWALSEEDS.NS
2020-01-30 00:00:00+05:30,4.616665840148926,4.616665840148926,4.616665840148926,4.616665840148926,0,0.0,0.0,OSWALSEEDS.NS
2020-01-31 00:00:00+05:30,4.616665840148926,4.616665840148926,4.616665840148926,4.616665840148926,0,0.0,0.0,OSWALSEEDS.NS
2020-02-03 00:00:00+05:30,4.616665840148926,4.616665840148926,4.616665840148926,4.616665840148926,0,0.0,0.0,OSWALSEEDS.NS
2020-02-04 00:00:00+05:30,4.658332824707031,4.658332824707031,4.658332824707031,4.658332824707031,24000,0.0,0.0,OSWALSEEDS.NS
2020-02-05 00:00:00+05:30,4.741665840148926,4.758333206176758,4.741665840148926,4.758333206176758,72000,0.0,0.0,OSWALSEEDS.NS
2020-02-06 00:00:00+05:30,4.8333330154418945,4.8333330154418945,4.8333330154418945,4.8333330154418945,24000,0.0,0.0,OSWALSEEDS.NS
2020-02-07 00:00:00+05:30,4.8333330154418945,4.8333330154418945,4.8333330154418945,4.8333330154418945,0,0.0,0.0,OSWALSEEDS.NS
2020-02-10 00:00:00+05:30,4.633333206176758,4.916666030883789,4.608333110809326,4.916666030883789,72000,0.0,0.0,OSWALSEEDS.NS
2020-02-11 00:00:00+05:30,4.916666030883789,4.916666030883789,4.916666030883789,4.916666030883789,0,0.0,0.0,OSWALSEEDS.NS
2020-02-12 00:00:00+05:30,4.916666030883789,4.916666030883789,4.916666030883789,4.916666030883789,0,0.0,0.0,OSWALSEEDS.NS
2020-02-13 00:00:00+05:30,4.916666030883789,4.916666030883789,4.916666030883789,4.916666030883789,0,0.0,0.0,OSWALSEEDS.NS
2020-02-14 00:00:00+05:30,4.675000190734863,4.675000190734863,4.675000190734863,4.675000190734863,24000,0.0,0.0,OSWALSEEDS.NS
2020-02-17 00:00:00+05:30,4.675000190734863,4.675000190734863,4.675000190734863,4.675000190734863,0,0.0,0.0,OSWALSEEDS.NS
2020-02-18 00:00:00+05:30,4.675000190734863,4.675000190734863,4.675000190734863,4.675000190734863,0,0.0,0.0,OSWALSEEDS.NS
2020-02-19 00:00:00+05:30,4.675000190734863,4.675000190734863,4.675000190734863,4.675000190734863,0,0.0,0.0,OSWALSEEDS.NS
2020-02-20 00:00:00+05:30,4.849999904632568,4.866665840148926,4.849999904632568,4.866665840148926,96000,0.0,0.0,OSWALSEEDS.NS
2020-02-24 00:00:00+05:30,4.866665840148926,4.866665840148926,4.866665840148926,4.866665840148926,0,0.0,0.0,OSWALSEEDS.NS
2020-02-25 00:00:00+05:30,4.866665840148926,4.866665840148926,4.866665840148926,4.866665840148926,0,0.0,0.0,OSWALSEEDS.NS
2020-02-26 00:00:00+05:30,4.866665840148926,4.866665840148926,4.866665840148926,4.866665840148926,0,0.0,0.0,OSWALSEEDS.NS
2020-02-27 00:00:00+05:30,4.625,4.991665840148926,4.625,4.916666030883789,288000,0.0,0.0,OSWALSEEDS.NS
2020-02-28 00:00:00+05:30,4.675000190734863,5.041666030883789,4.675000190734863,5.041666030883789,96000,0.0,0.0,OSWALSEEDS.NS
2020-03-02 00:00:00+05:30,4.791666030883789,4.791666030883789,4.791666030883789,4.791666030883789,24000,0.0,0.0,OSWALSEEDS.NS
2020-03-03 00:00:00+05:30,4.791666030883789,4.791666030883789,4.791666030883789,4.791666030883789,0,0.0,0.0,OSWALSEEDS.NS
2020-03-04 00:00:00+05:30,4.791666030883789,4.791666030883789,4.791666030883789,4.791666030883789,0,0.0,0.0,OSWALSEEDS.NS
2020-03-05 00:00:00+05:30,4.933332920074463,4.933332920074463,4.933332920074463,4.933332920074463,24000,0.0,0.0,OSWALSEEDS.NS
2020-03-06 00:00:00+05:30,4.933332920074463,4.933332920074463,4.933332920074463,4.933332920074463,0,0.0,0.0,OSWALSEEDS.NS
2020-03-09 00:00:00+05:30,4.691666126251221,4.691666126251221,4.691666126251221,4.691666126251221,24000,0.0,0.0,OSWALSEEDS.NS
2020-03-11 00:00:00+05:30,4.691666126251221,4.691666126251221,4.691666126251221,4.691666126251221,0,0.0,0.0,OSWALSEEDS.NS
2020-03-12 00:00:00+05:30,4.691666126251221,4.691666126251221,4.691666126251221,4.691666126251221,0,0.0,0.0,OSWALSEEDS.NS
2020-03-13 00:00:00+05:30,4.691666126251221,4.691666126251221,4.691666126251221,4.691666126251221,0,0.0,0.0,OSWALSEEDS.NS
2020-03-16 00:00:00+05:30,4.4583330154418945,4.4583330154418945,4.4583330154418945,4.4583330154418945,24000,0.0,0.0,OSWALSEEDS.NS
2020-03-17 00:00:00+05:30,4.241665840148926,4.241665840148926,4.241665840148926,4.241665840148926,24000,0.0,0.0,OSWALSEEDS.NS
2020-03-18 00:00:00+05:30,4.241665840148926,4.241665840148926,4.241665840148926,4.241665840148926,0,0.0,0.0,OSWALSEEDS.NS
2020-03-19 00:00:00+05:30,4.033332824707031,4.033332824707031,4.033332824707031,4.033332824707031,24000,0.0,0.0,OSWALSEEDS.NS
2020-03-20 00:00:00+05:30,3.8333330154418945,3.8333330154418945,3.8333330154418945,3.8333330154418945,24000,0.0,0.0,OSWALSEEDS.NS
2020-03-23 00:00:00+05:30,3.8333330154418945,3.8333330154418945,3.8333330154418945,3.8333330154418945,0,0.0,0.0,OSWALSEEDS.NS
2020-03-24 00:00:00+05:30,3.8333330154418945,3.8333330154418945,3.8333330154418945,3.8333330154418945,0,0.0,0.0,OSWALSEEDS.NS
2020-03-25 00:00:00+05:30,3.8333330154418945,3.8333330154418945,3.8333330154418945,3.8333330154418945,0,0.0,0.0,OSWALSEEDS.NS
2020-03-26 00:00:00+05:30,3.8333330154418945,3.8333330154418945,3.8333330154418945,3.8333330154418945,0,0.0,0.0,OSWALSEEDS.NS
2020-03-27 00:00:00+05:30,3.8333330154418945,3.8333330154418945,3.8333330154418945,3.8333330154418945,0,0.0,0.0,OSWALSEEDS.NS
2020-03-30 00:00:00+05:30,3.8333330154418945,3.8333330154418945,3.8333330154418945,3.8333330154418945,0,0.0,0.0,OSWALSEEDS.NS
2020-03-31 00:00:00+05:30,3.8333330154418945,3.8333330154418945,3.8333330154418945,3.8333330154418945,0,0.0,0.0,OSWALSEEDS.NS
2020-04-01 00:00:00+05:30,3.8333330154418945,3.8333330154418945,3.8333330154418945,3.8333330154418945,0,0.0,0.0,OSWALSEEDS.NS
2020-04-03 00:00:00+05:30,3.8333330154418945,3.8333330154418945,3.8333330154418945,3.8333330154418945,0,0.0,0.0,OSWALSEEDS.NS
2020-04-07 00:00:00+05:30,3.8333330154418945,3.8333330154418945,3.8333330154418945,3.8333330154418945,0,0.0,0.0,OSWALSEEDS.NS
2020-04-08 00:00:00+05:30,3.8333330154418945,3.8333330154418945,3.8333330154418945,3.8333330154418945,0,0.0,0.0,OSWALSEEDS.NS
2020-04-09 00:00:00+05:30,3.8333330154418945,3.8333330154418945,3.8333330154418945,3.8333330154418945,0,0.0,0.0,OSWALSEEDS.NS
2020-04-13 00:00:00+05:30,3.8333330154418945,3.8333330154418945,3.8333330154418945,3.8333330154418945,0,0.0,0.0,OSWALSEEDS.NS
2020-04-15 00:00:00+05:30,3.8333330154418945,3.8333330154418945,3.8333330154418945,3.8333330154418945,0,0.0,0.0,OSWALSEEDS.NS
2020-04-16 00:00:00+05:30,3.8333330154418945,3.8333330154418945,3.8333330154418945,3.8333330154418945,0,0.0,0.0,OSWALSEEDS.NS
2020-04-17 00:00:00+05:30,3.8333330154418945,3.8333330154418945,3.8333330154418945,3.8333330154418945,0,0.0,0.0,OSWALSEEDS.NS
2020-04-20 00:00:00+05:30,3.8333330154418945,3.8333330154418945,3.8333330154418945,3.8333330154418945,0,0.0,0.0,OSWALSEEDS.NS
2020-04-21 00:00:00+05:30,3.8333330154418945,3.8333330154418945,3.8333330154418945,3.8333330154418945,0,0.0,0.0,OSWALSEEDS.NS
2020-04-22 00:00:00+05:30,3.8333330154418945,3.8333330154418945,3.8333330154418945,3.8333330154418945,0,0.0,0.0,OSWALSEEDS.NS
2020-04-23 00:00:00+05:30,3.8333330154418945,3.8333330154418945,3.8333330154418945,3.8333330154418945,0,0.0,0.0,OSWALSEEDS.NS
2020-04-24 00:00:00+05:30,3.8333330154418945,3.8333330154418945,3.8333330154418945,3.8333330154418945,0,0.0,0.0,OSWALSEEDS.NS
2020-04-27 00:00:00+05:30,3.8333330154418945,3.8333330154418945,3.8333330154418945,3.8333330154418945,0,0.0,0.0,OSWALSEEDS.NS
2020-04-28 00:00:00+05:30,3.8333330154418945,3.8333330154418945,3.8333330154418945,3.8333330154418945,0,0.0,0.0,OSWALSEEDS.NS
2020-04-29 00:00:00+05:30,3.8333330154418945,3.8333330154418945,3.8333330154418945,3.8333330154418945,0,0.0,0.0,OSWALSEEDS.NS
2020-04-30 00:00:00+05:30,3.8333330154418945,3.8333330154418945,3.8333330154418945,3.8333330154418945,0,0.0,0.0,OSWALSEEDS.NS
2020-05-04 00:00:00+05:30,3.8333330154418945,3.8333330154418945,3.8333330154418945,3.8333330154418945,0,0.0,0.0,OSWALSEEDS.NS
2020-05-05 00:00:00+05:30,3.8333330154418945,3.8333330154418945,3.8333330154418945,3.8333330154418945,0,0.0,0.0,OSWALSEEDS.NS
2020-05-06 00:00:00+05:30,3.8333330154418945,3.8333330154418945,3.8333330154418945,3.8333330154418945,0,0.0,0.0,OSWALSEEDS.NS
2020-05-07 00:00:00+05:30,3.8333330154418945,3.8333330154418945,3.8333330154418945,3.8333330154418945,0,0.0,0.0,OSWALSEEDS.NS
2020-05-08 00:00:00+05:30,3.8333330154418945,3.8333330154418945,3.8333330154418945,3.8333330154418945,0,0.0,0.0,OSWALSEEDS.NS
2020-05-11 00:00:00+05:30,3.8333330154418945,3.8333330154418945,3.8333330154418945,3.8333330154418945,0,0.0,0.0,OSWALSEEDS.NS
2020-05-12 00:00:00+05:30,3.8333330154418945,3.8333330154418945,3.8333330154418945,3.8333330154418945,0,0.0,0.0,OSWALSEEDS.NS
2020-05-13 00:00:00+05:30,3.8333330154418945,3.8333330154418945,3.8333330154418945,3.8333330154418945,0,0.0,0.0,OSWALSEEDS.NS
2020-05-14 00:00:00+05:30,3.8333330154418945,3.8333330154418945,3.8333330154418945,3.8333330154418945,0,0.0,0.0,OSWALSEEDS.NS
2020-05-15 00:00:00+05:30,3.8333330154418945,3.8333330154418945,3.8333330154418945,3.8333330154418945,0,0.0,0.0,OSWALSEEDS.NS
2020-05-18 00:00:00+05:30,3.6416659355163574,3.6416659355163574,3.6416659355163574,3.6416659355163574,24000,0.0,0.0,OSWALSEEDS.NS
2020-05-19 00:00:00+05:30,3.6416659355163574,3.6416659355163574,3.6416659355163574,3.6416659355163574,0,0.0,0.0,OSWALSEEDS.NS
2020-05-20 00:00:00+05:30,3.799999952316284,3.799999952316284,3.799999952316284,3.799999952316284,24000,0.0,0.0,OSWALSEEDS.NS
2020-05-21 00:00:00+05:30,3.6333329677581787,3.9749999046325684,3.6333329677581787,3.9749999046325684,120000,0.0,0.0,OSWALSEEDS.NS
2020-05-22 00:00:00+05:30,3.9749999046325684,3.9749999046325684,3.9749999046325684,3.9749999046325684,0,0.0,0.0,OSWALSEEDS.NS
2020-05-26 00:00:00+05:30,4.125,4.166666030883789,4.125,4.166666030883789,96000,0.0,0.0,OSWALSEEDS.NS
2020-05-27 00:00:00+05:30,4.3333330154418945,4.349999904632568,4.3333330154418945,4.349999904632568,72000,0.0,0.0,OSWALSEEDS.NS
2020-05-28 00:00:00+05:30,4.541666030883789,4.558332920074463,4.541666030883789,4.550000190734863,96000,0.0,0.0,OSWALSEEDS.NS
2020-05-29 00:00:00+05:30,4.683332920074463,4.691666126251221,4.675000190734863,4.675000190734863,72000,0.0,0.0,OSWALSEEDS.NS
2020-06-01 00:00:00+05:30,4.849999904632568,4.858333110809326,4.841666221618652,4.841666221618652,72000,0.0,0.0,OSWALSEEDS.NS
2020-06-02 00:00:00+05:30,4.599999904632568,4.849999904632568,4.599999904632568,4.849999904632568,120000,0.0,0.0,OSWALSEEDS.NS
2020-06-03 00:00:00+05:30,4.800000190734863,5.0,4.75,5.0,168000,0.0,0.0,OSWALSEEDS.NS
2020-06-04 00:00:00+05:30,5.2083330154418945,5.224999904632568,4.791666030883789,5.099999904632568,192000,0.0,0.0,OSWALSEEDS.NS
2020-06-05 00:00:00+05:30,5.125,5.25,4.941666126251221,5.25,384000,0.0,0.0,OSWALSEEDS.NS
2020-06-08 00:00:00+05:30,5.4583330154418945,5.466666221618652,5.008333206176758,5.216666221618652,192000,0.0,0.0,OSWALSEEDS.NS
2020-06-09 00:00:00+05:30,5.341666221618652,5.349999904632568,5.0,5.300000190734863,168000,0.0,0.0,OSWALSEEDS.NS
2020-06-10 00:00:00+05:30,5.099999904632568,5.308332920074463,5.099999904632568,5.308332920074463,120000,0.0,0.0,OSWALSEEDS.NS
2020-06-11 00:00:00+05:30,5.416666030883789,5.433332920074463,5.416666030883789,5.425000190734863,96000,0.0,0.0,OSWALSEEDS.NS
2020-06-12 00:00:00+05:30,5.416666030883789,5.425000190734863,5.275000095367432,5.400000095367432,144000,0.0,0.0,OSWALSEEDS.NS
2020-06-15 00:00:00+05:30,5.5,5.641665935516357,5.5,5.550000190734863,168000,0.0,0.0,OSWALSEEDS.NS
2020-06-16 00:00:00+05:30,5.75,5.766665935516357,5.5,5.5,120000,0.0,0.0,OSWALSEEDS.NS
2020-06-17 00:00:00+05:30,5.5,5.75,5.5,5.675000190734863,168000,0.0,0.0,OSWALSEEDS.NS
2020-06-18 00:00:00+05:30,5.5,5.758333206176758,5.5,5.75,192000,0.0,0.0,OSWALSEEDS.NS
2020-06-19 00:00:00+05:30,5.8333330154418945,5.8333330154418945,5.75,5.816666126251221,96000,0.0,0.0,OSWALSEEDS.NS
2020-06-22 00:00:00+05:30,6.008333206176758,6.008333206176758,5.533332824707031,5.533332824707031,168000,0.0,0.0,OSWALSEEDS.NS
2020-06-23 00:00:00+05:30,5.258333206176758,5.775000095367432,5.258333206176758,5.766665935516357,96000,0.0,0.0,OSWALSEEDS.NS
2020-06-24 00:00:00+05:30,5.875,5.875,5.483333110809326,5.483333110809326,48000,0.0,0.0,OSWALSEEDS.NS
2020-06-25 00:00:00+05:30,5.3333330154418945,5.666666030883789,5.3333330154418945,5.666666030883789,48000,0.0,0.0,OSWALSEEDS.NS
2020-06-26 00:00:00+05:30,5.8333330154418945,5.875,5.8333330154418945,5.849999904632568,72000,0.0,0.0,OSWALSEEDS.NS
2020-06-29 00:00:00+05:30,5.5833330154418945,6.066666126251221,5.5833330154418945,6.066666126251221,120000,0.0,0.0,OSWALSEEDS.NS
2020-06-30 00:00:00+05:30,5.916666030883789,6.066666126251221,5.8333330154418945,5.8333330154418945,288000,0.0,0.0,OSWALSEEDS.NS
2020-07-01 00:00:00+05:30,5.908332824707031,5.925000190734863,5.8333330154418945,5.916666030883789,144000,0.0,0.0,OSWALSEEDS.NS
2020-07-02 00:00:00+05:30,5.916666030883789,5.916666030883789,5.916666030883789,5.916666030883789,24000,0.0,0.0,OSWALSEEDS.NS
2020-07-03 00:00:00+05:30,5.816666126251221,5.858333110809326,5.816666126251221,5.8333330154418945,72000,0.0,0.0,OSWALSEEDS.NS
2020-07-06 00:00:00+05:30,5.791666030883789,5.808332920074463,5.791666030883789,5.808332920074463,72000,0.0,0.0,OSWALSEEDS.NS
2020-07-07 00:00:00+05:30,6.091666221618652,6.091666221618652,5.533332824707031,5.75,168000,0.0,0.0,OSWALSEEDS.NS
2020-07-08 00:00:00+05:30,5.916666030883789,5.916666030883789,5.916666030883789,5.916666030883789,24000,0.0,0.0,OSWALSEEDS.NS
2020-07-09 00:00:00+05:30,5.949999809265137,5.966666221618652,5.949999809265137,5.966666221618652,72000,0.0,0.0,OSWALSEEDS.NS
2020-07-10 00:00:00+05:30,6.175000190734863,6.233333110809326,6.166666030883789,6.233333110809326,96000,0.0,0.0,OSWALSEEDS.NS
2020-07-13 00:00:00+05:30,6.233333110809326,6.233333110809326,6.233333110809326,6.233333110809326,0,0.0,0.0,OSWALSEEDS.NS
2020-07-14 00:00:00+05:30,6.533332824707031,6.533332824707031,6.516665935516357,6.516665935516357,48000,0.0,0.0,OSWALSEEDS.NS
2020-07-15 00:00:00+05:30,6.516665935516357,6.516665935516357,6.516665935516357,6.516665935516357,0,0.0,0.0,OSWALSEEDS.NS
2020-07-16 00:00:00+05:30,6.5833330154418945,6.733333110809326,6.199999809265137,6.733333110809326,96000,0.0,0.0,OSWALSEEDS.NS
2020-07-17 00:00:00+05:30,6.983333110809326,7.0,6.408332824707031,6.466666221618652,168000,0.0,0.0,OSWALSEEDS.NS
2020-07-20 00:00:00+05:30,6.166666030883789,6.775000095367432,6.150000095367432,6.566666126251221,168000,0.0,0.0,OSWALSEEDS.NS
2020-07-21 00:00:00+05:30,6.8333330154418945,6.8333330154418945,6.8333330154418945,6.8333330154418945,24000,0.0,0.0,OSWALSEEDS.NS
2020-07-22 00:00:00+05:30,6.8333330154418945,6.8333330154418945,6.8333330154418945,6.8333330154418945,0,0.0,0.0,OSWALSEEDS.NS
2020-07-23 00:00:00+05:30,6.666666030883789,7.0833330154418945,6.516665935516357,6.800000190734863,72000,0.0,0.0,OSWALSEEDS.NS
2020-07-24 00:00:00+05:30,7.108333110809326,7.133333206176758,7.108333110809326,7.133333206176758,120000,0.0,0.0,OSWALSEEDS.NS
2020-07-27 00:00:00+05:30,7.166666030883789,7.483333110809326,7.166666030883789,7.441666126251221,120000,0.0,0.0,OSWALSEEDS.NS
2020-07-28 00:00:00+05:30,7.0833330154418945,7.791666030883789,7.0833330154418945,7.641665935516357,264000,0.0,0.0,OSWALSEEDS.NS
2020-07-29 00:00:00+05:30,7.266665935516357,7.633333206176758,7.266665935516357,7.266665935516357,96000,0.0,0.0,OSWALSEEDS.NS
2020-07-30 00:00:00+05:30,6.908332824707031,6.908332824707031,6.908332824707031,6.908332824707031,24000,0.0,0.0,OSWALSEEDS.NS
2020-07-31 00:00:00+05:30,6.691666126251221,6.691666126251221,6.566666126251221,6.566666126251221,48000,0.0,0.0,OSWALSEEDS.NS
2020-08-03 00:00:00+05:30,6.608333110809326,6.608333110809326,6.608333110809326,6.608333110809326,24000,0.0,0.0,OSWALSEEDS.NS
2020-08-04 00:00:00+05:30,6.283332824707031,6.283332824707031,6.283332824707031,6.283332824707031,48000,0.0,0.0,OSWALSEEDS.NS
2020-08-05 00:00:00+05:30,6.5833330154418945,6.591666221618652,6.5833330154418945,6.591666221618652,48000,0.0,0.0,OSWALSEEDS.NS
2020-08-06 00:00:00+05:30,6.916666030883789,6.916666030883789,6.916666030883789,6.916666030883789,24000,0.0,0.0,OSWALSEEDS.NS
2020-08-07 00:00:00+05:30,6.691666126251221,6.691666126251221,6.666666030883789,6.675000190734863,48000,0.0,0.0,OSWALSEEDS.NS
2020-08-10 00:00:00+05:30,6.991665840148926,6.991665840148926,6.8333330154418945,6.908332824707031,48000,0.0,0.0,OSWALSEEDS.NS
2020-08-11 00:00:00+05:30,7.0833330154418945,7.0833330154418945,6.566666126251221,6.566666126251221,72000,0.0,0.0,OSWALSEEDS.NS
2020-08-12 00:00:00+05:30,6.566666126251221,6.566666126251221,6.566666126251221,6.566666126251221,0,0.0,0.0,OSWALSEEDS.NS
2020-08-13 00:00:00+05:30,6.566666126251221,6.566666126251221,6.566666126251221,6.566666126251221,0,0.0,0.0,OSWALSEEDS.NS
2020-08-14 00:00:00+05:30,6.566666126251221,6.566666126251221,6.566666126251221,6.566666126251221,0,0.0,0.0,OSWALSEEDS.NS
2020-08-17 00:00:00+05:30,6.566666126251221,6.566666126251221,6.566666126251221,6.566666126251221,0,0.0,0.0,OSWALSEEDS.NS
2020-08-18 00:00:00+05:30,6.8333330154418945,6.8333330154418945,6.8333330154418945,6.8333330154418945,24000,0.0,0.0,OSWALSEEDS.NS
2020-08-19 00:00:00+05:30,6.599999904632568,6.658332824707031,6.5833330154418945,6.658332824707031,72000,0.0,0.0,OSWALSEEDS.NS
2020-08-20 00:00:00+05:30,6.658332824707031,6.658332824707031,6.658332824707031,6.658332824707031,0,0.0,0.0,OSWALSEEDS.NS
2020-08-21 00:00:00+05:30,6.658332824707031,6.658332824707031,6.658332824707031,6.658332824707031,0,0.0,0.0,OSWALSEEDS.NS
2020-08-24 00:00:00+05:30,6.658332824707031,6.658332824707031,6.658332824707031,6.658332824707031,0,0.0,0.0,OSWALSEEDS.NS
2020-08-25 00:00:00+05:30,6.658332824707031,6.658332824707031,6.658332824707031,6.658332824707031,0,0.0,0.0,OSWALSEEDS.NS
2020-08-26 00:00:00+05:30,6.666666030883789,6.666666030883789,6.666666030883789,6.666666030883789,24000,0.0,0.0,OSWALSEEDS.NS
2020-08-27 00:00:00+05:30,6.666666030883789,6.666666030883789,6.666666030883789,6.666666030883789,0,0.0,0.0,OSWALSEEDS.NS
2020-08-28 00:00:00+05:30,6.3333330154418945,6.3333330154418945,6.3333330154418945,6.3333330154418945,24000,0.0,0.0,OSWALSEEDS.NS
2020-08-31 00:00:00+05:30,6.016665935516357,6.166666030883789,6.016665935516357,6.166666030883789,96000,0.0,0.0,OSWALSEEDS.NS
2020-09-01 00:00:00+05:30,6.400000095367432,6.416666030883789,6.400000095367432,6.408332824707031,48000,0.0,0.0,OSWALSEEDS.NS
2020-09-02 00:00:00+05:30,6.408332824707031,6.408332824707031,6.408332824707031,6.408332824707031,0,0.0,0.0,OSWALSEEDS.NS
2020-09-03 00:00:00+05:30,6.408332824707031,6.408332824707031,6.408332824707031,6.408332824707031,0,0.0,0.0,OSWALSEEDS.NS
2020-09-04 00:00:00+05:30,6.5,6.5833330154418945,6.5,6.5833330154418945,72000,0.0,0.0,OSWALSEEDS.NS
2020-09-07 00:00:00+05:30,6.666666030883789,6.666666030883789,6.666666030883789,6.666666030883789,24000,0.0,0.0,OSWALSEEDS.NS
2020-09-08 00:00:00+05:30,6.5,6.666666030883789,6.5,6.666666030883789,48000,0.0,0.0,OSWALSEEDS.NS
2020-09-09 00:00:00+05:30,6.991665840148926,6.991665840148926,6.991665840148926,6.991665840148926,24000,0.0,0.0,OSWALSEEDS.NS
2020-09-10 00:00:00+05:30,7.3333330154418945,7.3333330154418945,7.3333330154418945,7.3333330154418945,24000,0.0,0.0,OSWALSEEDS.NS
2020-09-11 00:00:00+05:30,6.966666221618652,7.3333330154418945,6.966666221618652,7.3333330154418945,72000,0.0,0.0,OSWALSEEDS.NS
2020-09-14 00:00:00+05:30,7.699999809265137,7.699999809265137,7.699999809265137,7.699999809265137,24000,0.0,0.0,OSWALSEEDS.NS
2020-09-15 00:00:00+05:30,7.416666030883789,7.8333330154418945,7.416666030883789,7.8333330154418945,144000,0.0,0.0,OSWALSEEDS.NS
2020-09-16 00:00:00+05:30,8.0,8.208333015441895,8.0,8.166666030883789,120000,0.0,0.0,OSWALSEEDS.NS
2020-09-17 00:00:00+05:30,8.333333015441895,8.333333015441895,8.333333015441895,8.333333015441895,24000,0.0,0.0,OSWALSEEDS.NS
2020-09-18 00:00:00+05:30,7.916666030883789,7.916666030883789,7.916666030883789,7.916666030883789,24000,0.0,0.0,OSWALSEEDS.NS
2020-09-21 00:00:00+05:30,7.916666030883789,7.916666030883789,7.916666030883789,7.916666030883789,0,0.0,0.0,OSWALSEEDS.NS
2020-09-22 00:00:00+05:30,7.150000095367432,7.150000095367432,7.150000095367432,7.150000095367432,24000,0.0,0.0,OSWALSEEDS.NS
2020-09-23 00:00:00+05:30,6.841666221618652,7.0,6.800000190734863,6.800000190734863,72000,0.0,0.0,OSWALSEEDS.NS
2020-09-24 00:00:00+05:30,7.125,7.133333206176758,7.125,7.133333206176758,120000,0.0,0.0,OSWALSEEDS.NS
2020-09-25 00:00:00+05:30,7.133333206176758,7.133333206176758,7.133333206176758,7.133333206176758,0,0.0,0.0,OSWALSEEDS.NS
2020-09-28 00:00:00+05:30,7.133333206176758,7.133333206176758,7.133333206176758,7.133333206176758,0,0.0,0.0,OSWALSEEDS.NS
2020-09-29 00:00:00+05:30,7.133333206176758,7.133333206176758,7.133333206176758,7.133333206176758,0,0.0,0.0,OSWALSEEDS.NS
2020-09-30 00:00:00+05:30,7.133333206176758,7.133333206176758,7.133333206176758,7.133333206176758,0,0.0,0.0,OSWALSEEDS.NS
2020-10-01 00:00:00+05:30,7.349999904632568,7.349999904632568,7.349999904632568,7.349999904632568,24000,0.0,0.0,OSWALSEEDS.NS
2020-10-05 00:00:00+05:30,7.716666221618652,7.716666221618652,7.716666221618652,7.716666221618652,24000,0.0,0.0,OSWALSEEDS.NS
2020-10-06 00:00:00+05:30,7.3333330154418945,7.883333206176758,7.3333330154418945,7.866665840148926,72000,0.0,0.0,OSWALSEEDS.NS
2020-10-07 00:00:00+05:30,7.866665840148926,7.866665840148926,7.866665840148926,7.866665840148926,0,0.0,0.0,OSWALSEEDS.NS
2020-10-08 00:00:00+05:30,7.866665840148926,7.866665840148926,7.866665840148926,7.866665840148926,0,0.0,0.0,OSWALSEEDS.NS
2020-10-09 00:00:00+05:30,7.866665840148926,7.866665840148926,7.866665840148926,7.866665840148926,0,0.0,0.0,OSWALSEEDS.NS
2020-10-12 00:00:00+05:30,7.866665840148926,7.866665840148926,7.866665840148926,7.866665840148926,0,0.0,0.0,OSWALSEEDS.NS
2020-10-13 00:00:00+05:30,7.866665840148926,7.866665840148926,7.866665840148926,7.866665840148926,0,0.0,0.0,OSWALSEEDS.NS
2020-10-14 00:00:00+05:30,7.866665840148926,7.866665840148926,7.866665840148926,7.866665840148926,0,0.0,0.0,OSWALSEEDS.NS
2020-10-15 00:00:00+05:30,8.166666030883789,8.166666030883789,8.166666030883789,8.166666030883789,24000,0.0,0.0,OSWALSEEDS.NS
2020-10-16 00:00:00+05:30,7.758333206176758,8.408332824707031,7.758333206176758,8.408332824707031,48000,0.0,0.0,OSWALSEEDS.NS
2020-10-19 00:00:00+05:30,8.408332824707031,8.408332824707031,8.408332824707031,8.408332824707031,0,0.0,0.0,OSWALSEEDS.NS
2020-10-20 00:00:00+05:30,7.991665840148926,7.991665840148926,7.991665840148926,7.991665840148926,24000,0.0,0.0,OSWALSEEDS.NS
2020-10-21 00:00:00+05:30,7.991665840148926,7.991665840148926,7.991665840148926,7.991665840148926,0,0.0,0.0,OSWALSEEDS.NS
2020-10-22 00:00:00+05:30,8.166666030883789,8.166666030883789,8.166666030883789,8.166666030883789,24000,0.0,0.0,OSWALSEEDS.NS
2020-10-23 00:00:00+05:30,7.758333206176758,7.758333206176758,7.758333206176758,7.758333206176758,24000,0.0,0.0,OSWALSEEDS.NS
2020-10-26 00:00:00+05:30,7.758333206176758,7.758333206176758,7.758333206176758,7.758333206176758,0,0.0,0.0,OSWALSEEDS.NS
2020-10-27 00:00:00+05:30,7.758333206176758,7.758333206176758,7.758333206176758,7.758333206176758,0,0.0,0.0,OSWALSEEDS.NS
2020-10-28 00:00:00+05:30,7.758333206176758,7.758333206176758,7.758333206176758,7.758333206176758,0,0.0,0.0,OSWALSEEDS.NS
2020-10-29 00:00:00+05:30,7.900000095367432,7.900000095367432,7.900000095367432,7.900000095367432,24000,0.0,0.0,OSWALSEEDS.NS
2020-10-30 00:00:00+05:30,7.900000095367432,7.900000095367432,7.900000095367432,7.900000095367432,0,0.0,0.0,OSWALSEEDS.NS
2020-11-02 00:00:00+05:30,7.900000095367432,7.900000095367432,7.900000095367432,7.900000095367432,0,0.0,0.0,OSWALSEEDS.NS
2020-11-03 00:00:00+05:30,7.900000095367432,7.900000095367432,7.900000095367432,7.900000095367432,0,0.0,0.0,OSWALSEEDS.NS
2020-11-04 00:00:00+05:30,7.900000095367432,7.900000095367432,7.900000095367432,7.900000095367432,0,0.0,0.0,OSWALSEEDS.NS
2020-11-05 00:00:00+05:30,7.900000095367432,7.900000095367432,7.900000095367432,7.900000095367432,0,0.0,0.0,OSWALSEEDS.NS
2020-11-06 00:00:00+05:30,7.900000095367432,7.900000095367432,7.900000095367432,7.900000095367432,0,0.0,0.0,OSWALSEEDS.NS
2020-11-09 00:00:00+05:30,7.900000095367432,7.900000095367432,7.900000095367432,7.900000095367432,0,0.0,0.0,OSWALSEEDS.NS
2020-11-10 00:00:00+05:30,7.900000095367432,7.900000095367432,7.900000095367432,7.900000095367432,0,0.0,0.0,OSWALSEEDS.NS
2020-11-11 00:00:00+05:30,7.900000095367432,7.900000095367432,7.900000095367432,7.900000095367432,0,0.0,0.0,OSWALSEEDS.NS
2020-11-12 00:00:00+05:30,7.900000095367432,7.900000095367432,7.900000095367432,7.900000095367432,0,0.0,0.0,OSWALSEEDS.NS
2020-11-13 00:00:00+05:30,7.900000095367432,7.900000095367432,7.900000095367432,7.900000095367432,0,0.0,0.0,OSWALSEEDS.NS
2020-11-17 00:00:00+05:30,7.166666030883789,7.166666030883789,7.133333206176758,7.133333206176758,48000,0.0,0.0,OSWALSEEDS.NS
2020-11-18 00:00:00+05:30,7.133333206176758,7.133333206176758,7.133333206176758,7.133333206176758,0,0.0,0.0,OSWALSEEDS.NS
2020-11-19 00:00:00+05:30,7.133333206176758,7.133333206176758,7.133333206176758,7.133333206176758,0,0.0,0.0,OSWALSEEDS.NS
2020-11-20 00:00:00+05:30,7.133333206176758,7.133333206176758,7.133333206176758,7.133333206176758,0,0.0,0.0,OSWALSEEDS.NS
2020-11-23 00:00:00+05:30,6.783332824707031,6.783332824707031,6.783332824707031,6.783332824707031,24000,0.0,0.0,OSWALSEEDS.NS
2020-11-24 00:00:00+05:30,6.783332824707031,6.783332824707031,6.783332824707031,6.783332824707031,0,0.0,0.0,OSWALSEEDS.NS
2020-11-25 00:00:00+05:30,6.783332824707031,6.783332824707031,6.783332824707031,6.783332824707031,0,0.0,0.0,OSWALSEEDS.NS
2020-11-26 00:00:00+05:30,6.783332824707031,6.783332824707031,6.783332824707031,6.783332824707031,0,0.0,0.0,OSWALSEEDS.NS
2020-11-27 00:00:00+05:30,6.783332824707031,6.783332824707031,6.783332824707031,6.783332824707031,0,0.0,0.0,OSWALSEEDS.NS
2020-12-01 00:00:00+05:30,6.783332824707031,6.783332824707031,6.783332824707031,6.783332824707031,0,0.0,0.0,OSWALSEEDS.NS
2020-12-02 00:00:00+05:30,6.783332824707031,6.783332824707031,6.783332824707031,6.783332824707031,0,0.0,0.0,OSWALSEEDS.NS
2020-12-03 00:00:00+05:30,6.783332824707031,6.783332824707031,6.783332824707031,6.783332824707031,0,0.0,0.0,OSWALSEEDS.NS
2020-12-04 00:00:00+05:30,6.783332824707031,6.783332824707031,6.783332824707031,6.783332824707031,0,0.0,0.0,OSWALSEEDS.NS
2020-12-07 00:00:00+05:30,6.783332824707031,6.783332824707031,6.783332824707031,6.783332824707031,0,0.0,0.0,OSWALSEEDS.NS
2020-12-08 00:00:00+05:30,6.783332824707031,6.783332824707031,6.783332824707031,6.783332824707031,0,0.0,0.0,OSWALSEEDS.NS
2020-12-09 00:00:00+05:30,7.091666221618652,7.108333110809326,7.091666221618652,7.108333110809326,96000,0.0,0.0,OSWALSEEDS.NS
2020-12-10 00:00:00+05:30,7.108333110809326,7.108333110809326,7.108333110809326,7.108333110809326,0,0.0,0.0,OSWALSEEDS.NS
2020-12-11 00:00:00+05:30,6.791666030883789,6.791666030883789,6.791666030883789,6.791666030883789,24000,0.0,0.0,OSWALSEEDS.NS
2020-12-14 00:00:00+05:30,7.125,7.125,6.875,6.875,48000,0.0,0.0,OSWALSEEDS.NS
2020-12-15 00:00:00+05:30,6.875,6.875,6.875,6.875,0,0.0,0.0,OSWALSEEDS.NS
2020-12-16 00:00:00+05:30,6.875,6.875,6.875,6.875,0,0.0,0.0,OSWALSEEDS.NS
2020-12-17 00:00:00+05:30,6.875,6.875,6.875,6.875,0,0.0,0.0,OSWALSEEDS.NS
2020-12-18 00:00:00+05:30,6.875,6.875,6.875,6.875,0,0.0,0.0,OSWALSEEDS.NS
2020-12-21 00:00:00+05:30,6.875,6.875,6.875,6.875,0,0.0,0.0,OSWALSEEDS.NS
2020-12-22 00:00:00+05:30,6.875,6.875,6.875,6.875,0,0.0,0.0,OSWALSEEDS.NS
2020-12-23 00:00:00+05:30,6.875,6.875,6.875,6.875,0,0.0,0.0,OSWALSEEDS.NS
2020-12-24 00:00:00+05:30,6.875,6.875,6.875,6.875,0,0.0,0.0,OSWALSEEDS.NS
2020-12-28 00:00:00+05:30,6.875,6.875,6.875,6.875,0,0.0,0.0,OSWALSEEDS.NS
2020-12-29 00:00:00+05:30,6.875,6.875,6.875,6.875,0,0.0,0.0,OSWALSEEDS.NS
2020-12-30 00:00:00+05:30,6.875,6.875,6.875,6.875,0,0.0,0.0,OSWALSEEDS.NS
2020-12-31 00:00:00+05:30,6.533332824707031,6.875,6.533332824707031,6.875,96000,0.0,0.0,OSWALSEEDS.NS
2021-01-01 00:00:00+05:30,6.875,6.875,6.875,6.875,0,0.0,0.0,OSWALSEEDS.NS
2021-01-04 00:00:00+05:30,6.875,6.875,6.875,6.875,0,0.0,0.0,OSWALSEEDS.NS
2021-01-05 00:00:00+05:30,6.875,6.875,6.875,6.875,0,0.0,0.0,OSWALSEEDS.NS
2021-01-06 00:00:00+05:30,6.875,6.875,6.875,6.875,0,0.0,0.0,OSWALSEEDS.NS
2021-01-07 00:00:00+05:30,6.875,6.875,6.875,6.875,48000,0.0,0.0,OSWALSEEDS.NS
2021-01-08 00:00:00+05:30,6.8333330154418945,6.8333330154418945,6.8333330154418945,6.8333330154418945,24000,0.0,0.0,OSWALSEEDS.NS
2021-01-11 00:00:00+05:30,6.8333330154418945,6.8333330154418945,6.8333330154418945,6.8333330154418945,0,0.0,0.0,OSWALSEEDS.NS
2021-01-12 00:00:00+05:30,6.8333330154418945,6.8333330154418945,6.8333330154418945,6.8333330154418945,0,0.0,0.0,OSWALSEEDS.NS
2021-01-13 00:00:00+05:30,6.8333330154418945,6.8333330154418945,6.8333330154418945,6.8333330154418945,0,0.0,0.0,OSWALSEEDS.NS
2021-01-14 00:00:00+05:30,6.491665840148926,7.0,6.491665840148926,7.0,48000,0.0,0.0,OSWALSEEDS.NS
2021-01-15 00:00:00+05:30,7.0,7.0,7.0,7.0,0,0.0,0.0,OSWALSEEDS.NS
2021-01-18 00:00:00+05:30,7.0,7.0,7.0,7.0,0,0.0,0.0,OSWALSEEDS.NS
2021-01-19 00:00:00+05:30,7.150000095367432,7.258333206176758,7.150000095367432,7.258333206176758,192000,0.0,0.0,OSWALSEEDS.NS
2021-01-20 00:00:00+05:30,7.608333110809326,7.616665840148926,7.608333110809326,7.616665840148926,48000,0.0,0.0,OSWALSEEDS.NS
2021-01-21 00:00:00+05:30,7.616665840148926,7.616665840148926,7.616665840148926,7.616665840148926,0,0.0,0.0,OSWALSEEDS.NS
2021-01-22 00:00:00+05:30,7.616665840148926,7.616665840148926,7.616665840148926,7.616665840148926,0,0.0,0.0,OSWALSEEDS.NS
2021-01-25 00:00:00+05:30,7.616665840148926,7.616665840148926,7.616665840148926,7.616665840148926,0,0.0,0.0,OSWALSEEDS.NS
2021-01-27 00:00:00+05:30,7.616665840148926,7.616665840148926,7.616665840148926,7.616665840148926,0,0.0,0.0,OSWALSEEDS.NS
2021-01-28 00:00:00+05:30,7.616665840148926,7.616665840148926,7.616665840148926,7.616665840148926,0,0.0,0.0,OSWALSEEDS.NS
2021-01-29 00:00:00+05:30,7.616665840148926,7.616665840148926,7.616665840148926,7.616665840148926,0,0.0,0.0,OSWALSEEDS.NS
2021-02-01 00:00:00+05:30,7.616665840148926,7.616665840148926,7.616665840148926,7.616665840148926,0,0.0,0.0,OSWALSEEDS.NS
2021-02-02 00:00:00+05:30,7.616665840148926,7.616665840148926,7.616665840148926,7.616665840148926,0,0.0,0.0,OSWALSEEDS.NS
2021-02-03 00:00:00+05:30,7.616665840148926,7.616665840148926,7.616665840148926,7.616665840148926,0,0.0,0.0,OSWALSEEDS.NS
2021-02-04 00:00:00+05:30,7.616665840148926,7.616665840148926,7.616665840148926,7.616665840148926,0,0.0,0.0,OSWALSEEDS.NS
2021-02-05 00:00:00+05:30,7.616665840148926,7.616665840148926,7.616665840148926,7.616665840148926,0,0.0,0.0,OSWALSEEDS.NS
2021-02-08 00:00:00+05:30,7.616665840148926,7.616665840148926,7.616665840148926,7.616665840148926,0,0.0,0.0,OSWALSEEDS.NS
2021-02-09 00:00:00+05:30,5.349999904632568,5.349999904632568,5.341666221618652,5.341666221618652,48000,0.0,0.0,OSWALSEEDS.NS
2021-02-10 00:00:00+05:30,5.166666030883789,5.166666030883789,5.166666030883789,5.166666030883789,192000,0.0,0.0,OSWALSEEDS.NS
2021-02-11 00:00:00+05:30,4.966666221618652,4.966666221618652,4.966666221618652,4.966666221618652,168000,0.0,0.0,OSWALSEEDS.NS
2021-02-12 00:00:00+05:30,4.8333330154418945,4.8333330154418945,4.824999809265137,4.8333330154418945,312000,0.0,0.0,OSWALSEEDS.NS
2021-02-15 00:00:00+05:30,4.8333330154418945,4.8333330154418945,4.8333330154418945,4.8333330154418945,624000,0.0,0.0,OSWALSEEDS.NS
2021-02-16 00:00:00+05:30,4.875,4.875,4.875,4.875,192000,0.0,0.0,OSWALSEEDS.NS
2021-02-17 00:00:00+05:30,4.8333330154418945,4.8333330154418945,4.8333330154418945,4.8333330154418945,96000,0.0,0.0,OSWALSEEDS.NS
2021-02-18 00:00:00+05:30,4.8333330154418945,4.8333330154418945,4.8333330154418945,4.8333330154418945,168000,0.0,0.0,OSWALSEEDS.NS
2021-02-19 00:00:00+05:30,4.8333330154418945,4.8333330154418945,4.8333330154418945,4.8333330154418945,216000,0.0,0.0,OSWALSEEDS.NS
2021-02-22 00:00:00+05:30,5.074999809265137,5.074999809265137,5.074999809265137,5.074999809265137,24000,0.0,0.0,OSWALSEEDS.NS
2021-02-23 00:00:00+05:30,5.074999809265137,5.074999809265137,5.074999809265137,5.074999809265137,0,0.0,0.0,OSWALSEEDS.NS
2021-02-24 00:00:00+05:30,5.074999809265137,5.074999809265137,5.074999809265137,5.074999809265137,0,0.0,0.0,OSWALSEEDS.NS
2021-02-25 00:00:00+05:30,5.074999809265137,5.074999809265137,5.074999809265137,5.074999809265137,0,0.0,0.0,OSWALSEEDS.NS
2021-02-26 00:00:00+05:30,5.074999809265137,5.074999809265137,5.074999809265137,5.074999809265137,0,0.0,0.0,OSWALSEEDS.NS
2021-03-01 00:00:00+05:30,5.074999809265137,5.074999809265137,5.074999809265137,5.074999809265137,0,0.0,0.0,OSWALSEEDS.NS
2021-03-02 00:00:00+05:30,5.074999809265137,5.074999809265137,5.074999809265137,5.074999809265137,0,0.0,0.0,OSWALSEEDS.NS
2021-03-03 00:00:00+05:30,5.074999809265137,5.074999809265137,5.074999809265137,5.074999809265137,0,0.0,0.0,OSWALSEEDS.NS
2021-03-04 00:00:00+05:30,5.074999809265137,5.074999809265137,5.074999809265137,5.074999809265137,0,0.0,0.0,OSWALSEEDS.NS
2021-03-05 00:00:00+05:30,5.074999809265137,5.074999809265137,5.074999809265137,5.074999809265137,0,0.0,0.0,OSWALSEEDS.NS
2021-03-08 00:00:00+05:30,5.074999809265137,5.074999809265137,5.074999809265137,5.074999809265137,0,0.0,0.0,OSWALSEEDS.NS
2021-03-09 00:00:00+05:30,5.066666126251221,5.066666126251221,5.066666126251221,5.066666126251221,24000,0.0,0.0,OSWALSEEDS.NS
2021-03-10 00:00:00+05:30,4.816666126251221,4.816666126251221,4.816666126251221,4.816666126251221,24000,0.0,0.0,OSWALSEEDS.NS
2021-03-12 00:00:00+05:30,4.816666126251221,4.816666126251221,4.816666126251221,4.816666126251221,0,0.0,0.0,OSWALSEEDS.NS
2021-03-15 00:00:00+05:30,4.666666030883789,4.666666030883789,4.666666030883789,4.666666030883789,432000,0.0,0.0,OSWALSEEDS.NS
2021-03-16 00:00:00+05:30,4.666666030883789,4.666666030883789,4.666666030883789,4.666666030883789,0,0.0,0.0,OSWALSEEDS.NS
2021-03-17 00:00:00+05:30,4.666666030883789,4.666666030883789,4.666666030883789,4.666666030883789,0,0.0,0.0,OSWALSEEDS.NS
2021-03-18 00:00:00+05:30,4.666666030883789,4.666666030883789,4.666666030883789,4.666666030883789,0,0.0,0.0,OSWALSEEDS.NS
2021-03-19 00:00:00+05:30,4.8333330154418945,4.8333330154418945,4.8333330154418945,4.8333330154418945,24000,0.0,0.0,OSWALSEEDS.NS
2021-03-22 00:00:00+05:30,4.8333330154418945,4.8333330154418945,4.8333330154418945,4.8333330154418945,0,0.0,0.0,OSWALSEEDS.NS
2021-03-23 00:00:00+05:30,4.8333330154418945,4.8333330154418945,4.8333330154418945,4.8333330154418945,0,0.0,0.0,OSWALSEEDS.NS
2021-03-24 00:00:00+05:30,4.8333330154418945,4.8333330154418945,4.8333330154418945,4.8333330154418945,0,0.0,0.0,OSWALSEEDS.NS
2021-03-25 00:00:00+05:30,4.666666030883789,4.666666030883789,4.666666030883789,4.666666030883789,96000,0.0,0.0,OSWALSEEDS.NS
2021-03-26 00:00:00+05:30,4.666666030883789,4.666666030883789,4.666666030883789,4.666666030883789,0,0.0,0.0,OSWALSEEDS.NS
2021-03-30 00:00:00+05:30,4.900000095367432,4.900000095367432,4.900000095367432,4.900000095367432,24000,0.0,0.0,OSWALSEEDS.NS
2021-03-31 00:00:00+05:30,5.141665935516357,5.141665935516357,5.141665935516357,5.141665935516357,24000,0.0,0.0,OSWALSEEDS.NS
2021-04-01 00:00:00+05:30,5.391665935516357,5.391665935516357,5.391665935516357,5.391665935516357,24000,0.0,0.0,OSWALSEEDS.NS
2021-04-05 00:00:00+05:30,5.166666030883789,5.166666030883789,5.125,5.125,72000,0.0,0.0,OSWALSEEDS.NS
2021-04-06 00:00:00+05:30,5.166666030883789,5.375,5.166666030883789,5.375,72000,0.0,0.0,OSWALSEEDS.NS
2021-04-07 00:00:00+05:30,5.341666221618652,5.5,5.3333330154418945,5.4583330154418945,144000,0.0,0.0,OSWALSEEDS.NS
2021-04-08 00:00:00+05:30,5.5,5.658332824707031,5.5,5.658332824707031,48000,0.0,0.0,OSWALSEEDS.NS
2021-04-09 00:00:00+05:30,5.8333330154418945,5.8333330154418945,5.8333330154418945,5.8333330154418945,24000,0.0,0.0,OSWALSEEDS.NS
2021-04-12 00:00:00+05:30,5.916666030883789,5.916666030883789,5.916666030883789,5.916666030883789,24000,0.0,0.0,OSWALSEEDS.NS
2021-04-13 00:00:00+05:30,6.0,6.0833330154418945,6.0,6.0833330154418945,48000,0.0,0.0,OSWALSEEDS.NS
2021-04-15 00:00:00+05:30,6.166666030883789,6.166666030883789,6.166666030883789,6.166666030883789,24000,0.0,0.0,OSWALSEEDS.NS
2021-04-16 00:00:00+05:30,6.25,6.25,6.25,6.25,24000,0.0,0.0,OSWALSEEDS.NS
2021-04-19 00:00:00+05:30,6.2083330154418945,6.2083330154418945,6.2083330154418945,6.2083330154418945,24000,0.0,0.0,OSWALSEEDS.NS
2021-04-20 00:00:00+05:30,5.900000095367432,6.3333330154418945,5.900000095367432,6.3333330154418945,48000,0.0,0.0,OSWALSEEDS.NS
2021-04-22 00:00:00+05:30,6.416666030883789,6.416666030883789,6.416666030883789,6.416666030883789,24000,0.0,0.0,OSWALSEEDS.NS
2021-04-23 00:00:00+05:30,6.625,6.625,6.625,6.625,24000,0.0,0.0,OSWALSEEDS.NS
2021-04-26 00:00:00+05:30,6.625,6.625,6.625,6.625,0,0.0,0.0,OSWALSEEDS.NS
2021-04-27 00:00:00+05:30,6.300000190734863,6.300000190734863,6.300000190734863,6.300000190734863,24000,0.0,0.0,OSWALSEEDS.NS
2021-04-28 00:00:00+05:30,6.300000190734863,6.300000190734863,6.300000190734863,6.300000190734863,0,0.0,0.0,OSWALSEEDS.NS
2021-04-29 00:00:00+05:30,6.300000190734863,6.300000190734863,6.300000190734863,6.300000190734863,0,0.0,0.0,OSWALSEEDS.NS
2021-04-30 00:00:00+05:30,6.300000190734863,6.300000190734863,6.300000190734863,6.300000190734863,0,0.0,0.0,OSWALSEEDS.NS
2021-05-03 00:00:00+05:30,6.300000190734863,6.300000190734863,6.300000190734863,6.300000190734863,0,0.0,0.0,OSWALSEEDS.NS
2021-05-04 00:00:00+05:30,6.300000190734863,6.300000190734863,6.300000190734863,6.300000190734863,0,0.0,0.0,OSWALSEEDS.NS
2021-05-05 00:00:00+05:30,5.991665840148926,5.991665840148926,5.991665840148926,5.991665840148926,24000,0.0,0.0,OSWALSEEDS.NS
2021-05-06 00:00:00+05:30,5.991665840148926,5.991665840148926,5.991665840148926,5.991665840148926,0,0.0,0.0,OSWALSEEDS.NS
2021-05-07 00:00:00+05:30,5.991665840148926,5.991665840148926,5.991665840148926,5.991665840148926,0,0.0,0.0,OSWALSEEDS.NS
2021-05-10 00:00:00+05:30,5.991665840148926,5.991665840148926,5.991665840148926,5.991665840148926,0,0.0,0.0,OSWALSEEDS.NS
2021-05-11 00:00:00+05:30,5.991665840148926,5.991665840148926,5.991665840148926,5.991665840148926,0,0.0,0.0,OSWALSEEDS.NS
2021-05-12 00:00:00+05:30,5.699999809265137,5.699999809265137,5.699999809265137,5.699999809265137,24000,0.0,0.0,OSWALSEEDS.NS
2021-05-14 00:00:00+05:30,5.416666030883789,5.416666030883789,5.416666030883789,5.416666030883789,24000,0.0,0.0,OSWALSEEDS.NS
2021-05-17 00:00:00+05:30,5.150000095367432,5.150000095367432,5.150000095367432,5.150000095367432,48000,0.0,0.0,OSWALSEEDS.NS
2021-05-18 00:00:00+05:30,5.400000095367432,5.400000095367432,5.400000095367432,5.400000095367432,24000,0.0,0.0,OSWALSEEDS.NS
2021-05-19 00:00:00+05:30,5.625,5.666666030883789,5.625,5.666666030883789,48000,0.0,0.0,OSWALSEEDS.NS
2021-05-20 00:00:00+05:30,5.666666030883789,5.666666030883789,5.666666030883789,5.666666030883789,0,0.0,0.0,OSWALSEEDS.NS
2021-05-21 00:00:00+05:30,5.900000095367432,5.900000095367432,5.900000095367432,5.900000095367432,24000,0.0,0.0,OSWALSEEDS.NS
2021-05-24 00:00:00+05:30,6.191666126251221,6.191666126251221,6.191666126251221,6.191666126251221,24000,0.0,0.0,OSWALSEEDS.NS
2021-05-25 00:00:00+05:30,6.5,6.5,6.5,6.5,48000,0.0,0.0,OSWALSEEDS.NS
2021-05-26 00:00:00+05:30,6.75,6.75,6.75,6.75,48000,0.0,0.0,OSWALSEEDS.NS
2021-05-27 00:00:00+05:30,6.916666030883789,6.916666030883789,6.916666030883789,6.916666030883789,24000,0.0,0.0,OSWALSEEDS.NS
2021-05-28 00:00:00+05:30,7.0833330154418945,7.0833330154418945,6.574999809265137,6.574999809265137,48000,0.0,0.0,OSWALSEEDS.NS
2021-05-31 00:00:00+05:30,6.574999809265137,6.574999809265137,6.574999809265137,6.574999809265137,0,0.0,0.0,OSWALSEEDS.NS
2021-06-01 00:00:00+05:30,6.25,6.266665935516357,6.25,6.25,72000,0.0,0.0,OSWALSEEDS.NS
2021-06-02 00:00:00+05:30,6.25,6.25,6.25,6.25,0,0.0,0.0,OSWALSEEDS.NS
2021-06-03 00:00:00+05:30,6.558332920074463,6.558332920074463,6.5,6.5,72000,0.0,0.0,OSWALSEEDS.NS
2021-06-04 00:00:00+05:30,6.800000190734863,6.800000190734863,6.25,6.7083330154418945,72000,0.0,0.0,OSWALSEEDS.NS
2021-06-07 00:00:00+05:30,7.0,7.0,7.0,7.0,48000,0.0,0.0,OSWALSEEDS.NS
2021-06-08 00:00:00+05:30,6.650000095367432,7.324999809265137,6.650000095367432,7.324999809265137,48000,0.0,0.0,OSWALSEEDS.NS
2021-06-09 00:00:00+05:30,7.650000095367432,7.650000095367432,7.650000095367432,7.650000095367432,24000,0.0,0.0,OSWALSEEDS.NS
2021-06-10 00:00:00+05:30,7.650000095367432,7.650000095367432,7.650000095367432,7.650000095367432,0,0.0,0.0,OSWALSEEDS.NS
2021-06-11 00:00:00+05:30,7.275000095367432,7.625,7.275000095367432,7.625,48000,0.0,0.0,OSWALSEEDS.NS
2021-06-14 00:00:00+05:30,7.625,7.625,7.625,7.625,0,0.0,0.0,OSWALSEEDS.NS
2021-06-15 00:00:00+05:30,7.625,7.625,7.625,7.625,0,0.0,0.0,OSWALSEEDS.NS
2021-06-16 00:00:00+05:30,7.625,7.625,7.625,7.625,0,0.0,0.0,OSWALSEEDS.NS
2021-06-17 00:00:00+05:30,7.25,7.25,7.25,7.25,24000,0.0,0.0,OSWALSEEDS.NS
2021-06-18 00:00:00+05:30,6.891665935516357,6.891665935516357,6.891665935516357,6.891665935516357,48000,0.0,0.0,OSWALSEEDS.NS
2021-06-21 00:00:00+05:30,6.891665935516357,6.891665935516357,6.891665935516357,6.891665935516357,0,0.0,0.0,OSWALSEEDS.NS
2021-06-22 00:00:00+05:30,6.224999904632568,6.224999904632568,6.224999904632568,6.224999904632568,24000,0.0,0.0,OSWALSEEDS.NS
2021-06-23 00:00:00+05:30,5.916666030883789,5.916666030883789,5.916666030883789,5.916666030883789,24000,0.0,0.0,OSWALSEEDS.NS
2021-06-24 00:00:00+05:30,5.916666030883789,5.916666030883789,5.916666030883789,5.916666030883789,24000,0.0,0.0,OSWALSEEDS.NS
2021-06-25 00:00:00+05:30,5.916666030883789,5.916666030883789,5.916666030883789,5.916666030883789,0,0.0,0.0,OSWALSEEDS.NS
2021-06-28 00:00:00+05:30,6.199999809265137,6.199999809265137,6.199999809265137,6.199999809265137,24000,0.0,0.0,OSWALSEEDS.NS
2021-06-29 00:00:00+05:30,6.199999809265137,6.199999809265137,6.199999809265137,6.199999809265137,0,0.0,0.0,OSWALSEEDS.NS
2021-06-30 00:00:00+05:30,6.400000095367432,6.416666030883789,6.391665935516357,6.416666030883789,96000,0.0,0.0,OSWALSEEDS.NS
2021-07-01 00:00:00+05:30,6.650000095367432,6.733333110809326,6.650000095367432,6.733333110809326,96000,0.0,0.0,OSWALSEEDS.NS
2021-07-02 00:00:00+05:30,6.949999809265137,6.983333110809326,6.949999809265137,6.974999904632568,72000,0.0,0.0,OSWALSEEDS.NS
2021-07-05 00:00:00+05:30,6.974999904632568,6.974999904632568,6.974999904632568,6.974999904632568,0,0.0,0.0,OSWALSEEDS.NS
2021-07-06 00:00:00+05:30,7.0833330154418945,7.183332920074463,7.0833330154418945,7.183332920074463,96000,0.0,0.0,OSWALSEEDS.NS
2021-07-07 00:00:00+05:30,7.5,7.5,7.466666221618652,7.466666221618652,96000,0.0,0.0,OSWALSEEDS.NS
2021-07-08 00:00:00+05:30,7.466666221618652,7.466666221618652,7.466666221618652,7.466666221618652,0,0.0,0.0,OSWALSEEDS.NS
2021-07-09 00:00:00+05:30,7.466666221618652,7.466666221618652,7.466666221618652,7.466666221618652,0,0.0,0.0,OSWALSEEDS.NS
2021-07-12 00:00:00+05:30,7.466666221618652,7.541666030883789,7.466666221618652,7.533332824707031,96000,0.0,0.0,OSWALSEEDS.NS
2021-07-13 00:00:00+05:30,7.558332920074463,7.574999809265137,7.158332824707031,7.158332824707031,96000,0.0,0.0,OSWALSEEDS.NS
2021-07-14 00:00:00+05:30,7.166666030883789,7.166666030883789,7.091666221618652,7.133333206176758,192000,0.0,0.0,OSWALSEEDS.NS
2021-07-15 00:00:00+05:30,7.133333206176758,7.133333206176758,7.133333206176758,7.133333206176758,0,0.0,0.0,OSWALSEEDS.NS
2021-07-16 00:00:00+05:30,7.133333206176758,7.133333206176758,7.133333206176758,7.133333206176758,0,0.0,0.0,OSWALSEEDS.NS
2021-07-19 00:00:00+05:30,7.133333206176758,7.133333206176758,7.133333206176758,7.133333206176758,0,0.0,0.0,OSWALSEEDS.NS
2021-07-20 00:00:00+05:30,7.133333206176758,7.133333206176758,7.133333206176758,7.133333206176758,0,0.0,0.0,OSWALSEEDS.NS
2021-07-22 00:00:00+05:30,7.133333206176758,7.133333206176758,7.133333206176758,7.133333206176758,0,0.0,0.0,OSWALSEEDS.NS
2021-07-23 00:00:00+05:30,7.3333330154418945,7.3333330154418945,7.3333330154418945,7.3333330154418945,24000,0.0,0.0,OSWALSEEDS.NS
2021-07-26 00:00:00+05:30,7.3333330154418945,7.3333330154418945,7.3333330154418945,7.3333330154418945,0,0.0,0.0,OSWALSEEDS.NS
2021-07-27 00:00:00+05:30,6.966666221618652,6.966666221618652,6.966666221618652,6.966666221618652,24000,0.0,0.0,OSWALSEEDS.NS
2021-07-28 00:00:00+05:30,6.966666221618652,6.966666221618652,6.966666221618652,6.966666221618652,0,0.0,0.0,OSWALSEEDS.NS
2021-07-29 00:00:00+05:30,6.966666221618652,6.966666221618652,6.966666221618652,6.966666221618652,0,0.0,0.0,OSWALSEEDS.NS
2021-07-30 00:00:00+05:30,6.625,7.308332920074463,6.625,7.308332920074463,48000,0.0,0.0,OSWALSEEDS.NS
2021-08-02 00:00:00+05:30,7.308332920074463,7.308332920074463,7.308332920074463,7.308332920074463,0,0.0,0.0,OSWALSEEDS.NS
2021-08-03 00:00:00+05:30,6.949999809265137,6.949999809265137,6.949999809265137,6.949999809265137,24000,0.0,0.0,OSWALSEEDS.NS
2021-08-04 00:00:00+05:30,7.291666030883789,7.291666030883789,7.291666030883789,7.291666030883789,24000,0.0,0.0,OSWALSEEDS.NS
2021-08-05 00:00:00+05:30,7.291666030883789,7.291666030883789,7.291666030883789,7.291666030883789,0,0.0,0.0,OSWALSEEDS.NS
2021-08-06 00:00:00+05:30,6.933332920074463,6.933332920074463,6.933332920074463,6.933332920074463,24000,0.0,0.0,OSWALSEEDS.NS
2021-08-09 00:00:00+05:30,6.933332920074463,6.933332920074463,6.933332920074463,6.933332920074463,0,0.0,0.0,OSWALSEEDS.NS
2021-08-10 00:00:00+05:30,6.933332920074463,6.933332920074463,6.933332920074463,6.933332920074463,0,0.0,0.0,OSWALSEEDS.NS
2021-08-11 00:00:00+05:30,6.933332920074463,6.933332920074463,6.933332920074463,6.933332920074463,0,0.0,0.0,OSWALSEEDS.NS
2021-08-12 00:00:00+05:30,6.933332920074463,6.933332920074463,6.933332920074463,6.933332920074463,0,0.0,0.0,OSWALSEEDS.NS
2021-08-13 00:00:00+05:30,6.591666221618652,6.933332920074463,6.591666221618652,6.933332920074463,96000,0.0,0.0,OSWALSEEDS.NS
2021-08-16 00:00:00+05:30,6.599999904632568,6.933332920074463,6.599999904632568,6.7083330154418945,72000,0.0,0.0,OSWALSEEDS.NS
2021-08-17 00:00:00+05:30,6.7083330154418945,6.7083330154418945,6.7083330154418945,6.7083330154418945,0,0.0,0.0,OSWALSEEDS.NS
2021-08-18 00:00:00+05:30,6.7083330154418945,6.7083330154418945,6.7083330154418945,6.7083330154418945,0,0.0,0.0,OSWALSEEDS.NS
2021-08-20 00:00:00+05:30,6.733333110809326,6.733333110809326,6.733333110809326,6.733333110809326,72000,0.0,0.0,OSWALSEEDS.NS
2021-08-23 00:00:00+05:30,6.733333110809326,6.733333110809326,6.733333110809326,6.733333110809326,0,0.0,0.0,OSWALSEEDS.NS
2021-08-24 00:00:00+05:30,6.400000095367432,6.400000095367432,6.400000095367432,6.400000095367432,24000,0.0,0.0,OSWALSEEDS.NS
2021-08-25 00:00:00+05:30,6.400000095367432,6.400000095367432,6.400000095367432,6.400000095367432,0,0.0,0.0,OSWALSEEDS.NS
2021-08-26 00:00:00+05:30,6.0833330154418945,6.0833330154418945,6.0833330154418945,6.0833330154418945,48000,0.0,0.0,OSWALSEEDS.NS
2021-08-27 00:00:00+05:30,6.0833330154418945,6.0833330154418945,6.0833330154418945,6.0833330154418945,0,0.0,0.0,OSWALSEEDS.NS
2021-08-30 00:00:00+05:30,6.0833330154418945,6.0833330154418945,6.0833330154418945,6.0833330154418945,48000,0.0,0.0,OSWALSEEDS.NS
2021-08-31 00:00:00+05:30,6.0833330154418945,6.0833330154418945,5.783332824707031,5.933332920074463,72000,0.0,0.0,OSWALSEEDS.NS
2021-09-01 00:00:00+05:30,5.933332920074463,5.933332920074463,5.933332920074463,5.933332920074463,0,0.0,0.0,OSWALSEEDS.NS
2021-09-02 00:00:00+05:30,5.933332920074463,5.933332920074463,5.933332920074463,5.933332920074463,0,0.0,0.0,OSWALSEEDS.NS
2021-09-03 00:00:00+05:30,5.933332920074463,5.933332920074463,5.933332920074463,5.933332920074463,0,0.0,0.0,OSWALSEEDS.NS
2021-09-06 00:00:00+05:30,5.933332920074463,5.933332920074463,5.933332920074463,5.933332920074463,0,0.0,0.0,OSWALSEEDS.NS
2021-09-07 00:00:00+05:30,5.933332920074463,5.933332920074463,5.933332920074463,5.933332920074463,0,0.0,0.0,OSWALSEEDS.NS
2021-09-08 00:00:00+05:30,5.933332920074463,5.933332920074463,5.933332920074463,5.933332920074463,0,0.0,0.0,OSWALSEEDS.NS
2021-09-09 00:00:00+05:30,5.933332920074463,5.933332920074463,5.933332920074463,5.933332920074463,0,0.0,0.0,OSWALSEEDS.NS
2021-09-13 00:00:00+05:30,5.933332920074463,5.933332920074463,5.933332920074463,5.933332920074463,0,0.0,0.0,OSWALSEEDS.NS
2021-09-14 00:00:00+05:30,5.099999904632568,5.099999904632568,5.099999904632568,5.099999904632568,768000,0.0,0.0,OSWALSEEDS.NS
2021-09-15 00:00:00+05:30,5.099999904632568,5.099999904632568,5.099999904632568,5.099999904632568,24000,0.0,0.0,OSWALSEEDS.NS
2021-09-16 00:00:00+05:30,5.099999904632568,5.099999904632568,5.099999904632568,5.099999904632568,0,0.0,0.0,OSWALSEEDS.NS
2021-09-17 00:00:00+05:30,5.099999904632568,5.099999904632568,5.099999904632568,5.099999904632568,0,0.0,0.0,OSWALSEEDS.NS
2021-09-20 00:00:00+05:30,5.099999904632568,5.099999904632568,5.099999904632568,5.099999904632568,0,0.0,0.0,OSWALSEEDS.NS
2021-09-21 00:00:00+05:30,5.349999904632568,5.349999904632568,5.349999904632568,5.349999904632568,24000,0.0,0.0,OSWALSEEDS.NS
2021-09-22 00:00:00+05:30,5.616665840148926,5.616665840148926,5.616665840148926,5.616665840148926,24000,0.0,0.0,OSWALSEEDS.NS
2021-09-23 00:00:00+05:30,5.616665840148926,5.616665840148926,5.616665840148926,5.616665840148926,0,0.0,0.0,OSWALSEEDS.NS
2021-09-24 00:00:00+05:30,5.891665935516357,5.891665935516357,5.891665935516357,5.891665935516357,24000,0.0,0.0,OSWALSEEDS.NS
2021-09-27 00:00:00+05:30,5.891665935516357,5.891665935516357,5.891665935516357,5.891665935516357,0,0.0,0.0,OSWALSEEDS.NS
2021-09-28 00:00:00+05:30,5.891665935516357,5.891665935516357,5.891665935516357,5.891665935516357,0,0.0,0.0,OSWALSEEDS.NS
2021-09-29 00:00:00+05:30,5.891665935516357,5.891665935516357,5.891665935516357,5.891665935516357,0,0.0,0.0,OSWALSEEDS.NS
2021-09-30 00:00:00+05:30,6.183332920074463,6.183332920074463,6.183332920074463,6.183332920074463,24000,0.0,0.0,OSWALSEEDS.NS
2021-10-01 00:00:00+05:30,6.183332920074463,6.183332920074463,6.183332920074463,6.183332920074463,0,0.0,0.0,OSWALSEEDS.NS
2021-10-04 00:00:00+05:30,6.183332920074463,6.183332920074463,6.183332920074463,6.183332920074463,0,0.0,0.0,OSWALSEEDS.NS
2021-10-05 00:00:00+05:30,5.875,6.491665840148926,5.875,6.491665840148926,72000,0.0,0.0,OSWALSEEDS.NS
2021-10-06 00:00:00+05:30,6.483333110809326,6.666666030883789,6.483333110809326,6.574999809265137,48000,0.0,0.0,OSWALSEEDS.NS
2021-10-07 00:00:00+05:30,6.574999809265137,6.574999809265137,6.574999809265137,6.574999809265137,0,0.0,0.0,OSWALSEEDS.NS
2021-10-08 00:00:00+05:30,6.574999809265137,6.574999809265137,6.574999809265137,6.574999809265137,0,0.0,0.0,OSWALSEEDS.NS
2021-10-11 00:00:00+05:30,6.574999809265137,6.574999809265137,6.574999809265137,6.574999809265137,0,0.0,0.0,OSWALSEEDS.NS
2021-10-12 00:00:00+05:30,6.574999809265137,6.574999809265137,6.574999809265137,6.574999809265137,0,0.0,0.0,OSWALSEEDS.NS
2021-10-13 00:00:00+05:30,6.25,6.8333330154418945,6.25,6.8333330154418945,48000,0.0,0.0,OSWALSEEDS.NS
2021-10-14 00:00:00+05:30,6.8333330154418945,6.8333330154418945,6.8333330154418945,6.8333330154418945,0,0.0,0.0,OSWALSEEDS.NS
2021-10-18 00:00:00+05:30,6.816666126251221,6.816666126251221,6.816666126251221,6.816666126251221,48000,0.0,0.0,OSWALSEEDS.NS
2021-10-19 00:00:00+05:30,6.8333330154418945,6.8333330154418945,6.8333330154418945,6.8333330154418945,48000,0.0,0.0,OSWALSEEDS.NS
2021-10-20 00:00:00+05:30,6.8333330154418945,6.8333330154418945,6.8333330154418945,6.8333330154418945,0,0.0,0.0,OSWALSEEDS.NS
2021-10-21 00:00:00+05:30,6.8333330154418945,6.8333330154418945,6.8333330154418945,6.8333330154418945,0,0.0,0.0,OSWALSEEDS.NS
2021-10-22 00:00:00+05:30,6.8333330154418945,6.8333330154418945,6.8333330154418945,6.8333330154418945,0,0.0,0.0,OSWALSEEDS.NS
2021-10-25 00:00:00+05:30,7.0,7.0,7.0,7.0,24000,0.0,0.0,OSWALSEEDS.NS
2021-10-26 00:00:00+05:30,6.650000095367432,7.349999904632568,6.650000095367432,7.349999904632568,120000,0.0,0.0,OSWALSEEDS.NS
2021-10-27 00:00:00+05:30,7.716666221618652,7.716666221618652,7.716666221618652,7.716666221618652,24000,0.0,0.0,OSWALSEEDS.NS
2021-10-28 00:00:00+05:30,7.716666221618652,7.716666221618652,7.716666221618652,7.716666221618652,0,0.0,0.0,OSWALSEEDS.NS
2021-10-29 00:00:00+05:30,8.091666221618652,8.100000381469727,8.091666221618652,8.100000381469727,96000,0.0,0.0,OSWALSEEDS.NS
2021-11-01 00:00:00+05:30,8.166666030883789,8.491665840148926,8.166666030883789,8.491665840148926,144000,0.0,0.0,OSWALSEEDS.NS
2021-11-02 00:00:00+05:30,8.75,8.908332824707031,8.75,8.866665840148926,120000,0.0,0.0,OSWALSEEDS.NS
2021-11-03 00:00:00+05:30,8.433333396911621,9.308333396911621,8.433333396911621,9.308333396911621,72000,0.0,0.0,OSWALSEEDS.NS
2021-11-04 00:00:00+05:30,9.766666412353516,9.766666412353516,9.766666412353516,9.766666412353516,24000,0.0,0.0,OSWALSEEDS.NS
2021-11-08 00:00:00+05:30,9.766666412353516,9.766666412353516,9.766666412353516,9.766666412353516,0,0.0,0.0,OSWALSEEDS.NS
2021-11-09 00:00:00+05:30,9.583333015441895,9.583333015441895,9.583333015441895,9.583333015441895,24000,0.0,0.0,OSWALSEEDS.NS
2021-11-10 00:00:00+05:30,9.583333015441895,9.583333015441895,9.583333015441895,9.583333015441895,0,0.0,0.0,OSWALSEEDS.NS
2021-11-11 00:00:00+05:30,9.283332824707031,9.774999618530273,9.283332824707031,9.774999618530273,48000,0.0,0.0,OSWALSEEDS.NS
2021-11-12 00:00:00+05:30,9.774999618530273,9.774999618530273,9.774999618530273,9.774999618530273,0,0.0,0.0,OSWALSEEDS.NS
2021-11-15 00:00:00+05:30,9.774999618530273,9.774999618530273,9.774999618530273,9.774999618530273,0,0.0,0.0,OSWALSEEDS.NS
2021-11-16 00:00:00+05:30,9.774999618530273,9.774999618530273,9.774999618530273,9.774999618530273,0,0.0,0.0,OSWALSEEDS.NS
2021-11-17 00:00:00+05:30,9.774999618530273,9.774999618530273,9.774999618530273,9.774999618530273,0,0.0,0.0,OSWALSEEDS.NS
2021-11-18 00:00:00+05:30,9.774999618530273,9.774999618530273,9.774999618530273,9.774999618530273,0,0.0,0.0,OSWALSEEDS.NS
2021-11-22 00:00:00+05:30,9.458333015441895,9.466666221618652,9.458333015441895,9.458333015441895,120000,0.0,0.0,OSWALSEEDS.NS
2021-11-23 00:00:00+05:30,9.300000190734863,9.300000190734863,9.300000190734863,9.300000190734863,24000,0.0,0.0,OSWALSEEDS.NS
2021-11-24 00:00:00+05:30,9.300000190734863,9.300000190734863,9.300000190734863,9.300000190734863,0,0.0,0.0,OSWALSEEDS.NS
2021-11-25 00:00:00+05:30,9.300000190734863,9.416666030883789,9.300000190734863,9.416666030883789,240000,0.0,0.0,OSWALSEEDS.NS
2021-11-26 00:00:00+05:30,8.949999809265137,8.949999809265137,8.949999809265137,8.949999809265137,24000,0.0,0.0,OSWALSEEDS.NS
2021-11-29 00:00:00+05:30,8.949999809265137,8.949999809265137,8.949999809265137,8.949999809265137,0,0.0,0.0,OSWALSEEDS.NS
2021-11-30 00:00:00+05:30,8.949999809265137,8.949999809265137,8.949999809265137,8.949999809265137,0,0.0,0.0,OSWALSEEDS.NS
2021-12-01 00:00:00+05:30,8.949999809265137,8.949999809265137,8.949999809265137,8.949999809265137,0,0.0,0.0,OSWALSEEDS.NS
2021-12-02 00:00:00+05:30,8.949999809265137,8.949999809265137,8.949999809265137,8.949999809265137,0,0.0,0.0,OSWALSEEDS.NS
2021-12-03 00:00:00+05:30,8.949999809265137,8.949999809265137,8.949999809265137,8.949999809265137,0,0.0,0.0,OSWALSEEDS.NS
2021-12-06 00:00:00+05:30,7.5,7.5,7.5,7.5,24000,0.0,0.0,OSWALSEEDS.NS
2021-12-07 00:00:00+05:30,7.5,7.5,7.5,7.5,0,0.0,0.0,OSWALSEEDS.NS
2021-12-08 00:00:00+05:30,7.5,7.525000095367432,7.5,7.525000095367432,48000,0.0,0.0,OSWALSEEDS.NS
2021-12-09 00:00:00+05:30,7.525000095367432,7.525000095367432,7.525000095367432,7.525000095367432,0,0.0,0.0,OSWALSEEDS.NS
2021-12-10 00:00:00+05:30,7.150000095367432,7.5,7.150000095367432,7.5,48000,0.0,0.0,OSWALSEEDS.NS
2021-12-13 00:00:00+05:30,7.5,7.5,7.5,7.5,0,0.0,0.0,OSWALSEEDS.NS
2021-12-14 00:00:00+05:30,7.5,7.5,7.5,7.5,0,0.0,0.0,OSWALSEEDS.NS
2021-12-15 00:00:00+05:30,7.5,7.5,7.5,7.5,0,0.0,0.0,OSWALSEEDS.NS
2021-12-16 00:00:00+05:30,7.5,7.5,7.5,7.5,0,0.0,0.0,OSWALSEEDS.NS
2021-12-17 00:00:00+05:30,7.5,7.5,7.5,7.5,0,0.0,0.0,OSWALSEEDS.NS
2021-12-20 00:00:00+05:30,7.5,7.5,7.5,7.5,0,0.0,0.0,OSWALSEEDS.NS
2021-12-21 00:00:00+05:30,7.5,7.5,7.5,7.5,0,0.0,0.0,OSWALSEEDS.NS
2021-12-22 00:00:00+05:30,7.5,7.5,7.5,7.5,0,0.0,0.0,OSWALSEEDS.NS
2021-12-23 00:00:00+05:30,7.416666030883789,7.849999904632568,7.416666030883789,7.849999904632568,48000,0.0,0.0,OSWALSEEDS.NS
2021-12-24 00:00:00+05:30,7.5,7.849999904632568,7.5,7.849999904632568,48000,0.0,0.0,OSWALSEEDS.NS
2021-12-27 00:00:00+05:30,7.5,7.5,7.5,7.5,24000,0.0,0.0,OSWALSEEDS.NS
2021-12-28 00:00:00+05:30,7.5,7.5,7.5,7.5,0,0.0,0.0,OSWALSEEDS.NS
2021-12-29 00:00:00+05:30,7.25,7.25,7.25,7.25,24000,0.0,0.0,OSWALSEEDS.NS
2021-12-30 00:00:00+05:30,7.5,7.5,7.0,7.0,72000,0.0,0.0,OSWALSEEDS.NS
2021-12-31 00:00:00+05:30,7.0,7.0,7.0,7.0,0,0.0,0.0,OSWALSEEDS.NS
2022-01-03 00:00:00+05:30,7.0,7.0,7.0,7.0,0,0.0,0.0,OSWALSEEDS.NS
2022-01-04 00:00:00+05:30,7.0,7.0,7.0,7.0,0,0.0,0.0,OSWALSEEDS.NS
2022-01-05 00:00:00+05:30,7.0,7.0,7.0,7.0,0,0.0,0.0,OSWALSEEDS.NS
2022-01-06 00:00:00+05:30,7.0,7.0,7.0,7.0,0,0.0,0.0,OSWALSEEDS.NS
2022-01-07 00:00:00+05:30,7.0,7.0,7.0,7.0,0,0.0,0.0,OSWALSEEDS.NS
2022-01-10 00:00:00+05:30,7.0,7.0,7.0,7.0,0,0.0,0.0,OSWALSEEDS.NS
2022-01-11 00:00:00+05:30,7.0,7.0,7.0,7.0,0,0.0,0.0,OSWALSEEDS.NS
2022-01-12 00:00:00+05:30,7.0,7.0,7.0,7.0,0,0.0,0.0,OSWALSEEDS.NS
2022-01-13 00:00:00+05:30,7.0,7.0,7.0,7.0,0,0.0,0.0,OSWALSEEDS.NS
2022-01-14 00:00:00+05:30,7.908332824707031,7.908332824707031,7.908332824707031,7.908332824707031,48000,0.0,0.0,OSWALSEEDS.NS
2022-01-17 00:00:00+05:30,8.300000190734863,8.300000190734863,8.300000190734863,8.300000190734863,24000,0.0,0.0,OSWALSEEDS.NS
2022-01-18 00:00:00+05:30,8.708333015441895,8.708333015441895,8.708333015441895,8.708333015441895,24000,0.0,0.0,OSWALSEEDS.NS
2022-01-19 00:00:00+05:30,9.141666412353516,9.141666412353516,9.141666412353516,9.141666412353516,24000,0.0,0.0,OSWALSEEDS.NS
2022-01-20 00:00:00+05:30,9.591666221618652,9.591666221618652,9.591666221618652,9.591666221618652,24000,0.0,0.0,OSWALSEEDS.NS
2022-01-21 00:00:00+05:30,10.066665649414062,10.066665649414062,10.066665649414062,10.066665649414062,48000,0.0,0.0,OSWALSEEDS.NS
2022-01-24 00:00:00+05:30,10.566665649414062,10.566665649414062,10.566665649414062,10.566665649414062,72000,0.0,0.0,OSWALSEEDS.NS
2022-01-25 00:00:00+05:30,10.566665649414062,10.566665649414062,10.566665649414062,10.566665649414062,0,0.0,0.0,OSWALSEEDS.NS
2022-01-27 00:00:00+05:30,11.641666412353516,11.641666412353516,11.641666412353516,11.641666412353516,48000,0.0,0.0,OSWALSEEDS.NS
2022-01-28 00:00:00+05:30,12.216666221618652,12.216666221618652,12.216666221618652,12.216666221618652,72000,0.0,0.0,OSWALSEEDS.NS
2022-01-31 00:00:00+05:30,12.333333015441895,12.333333015441895,12.333333015441895,12.333333015441895,48000,0.0,0.0,OSWALSEEDS.NS
2022-02-01 00:00:00+05:30,12.333333015441895,12.941665649414062,12.333333015441895,12.925000190734863,96000,0.0,0.0,OSWALSEEDS.NS
2022-02-02 00:00:00+05:30,12.5,13.0,12.333333015441895,13.0,96000,0.0,0.0,OSWALSEEDS.NS
2022-02-03 00:00:00+05:30,13.333333015441895,13.333333015441895,13.333333015441895,13.333333015441895,24000,0.0,0.0,OSWALSEEDS.NS
2022-02-04 00:00:00+05:30,13.166666030883789,13.166666030883789,13.166666030883789,13.166666030883789,24000,0.0,0.0,OSWALSEEDS.NS
2022-02-07 00:00:00+05:30,13.166666030883789,13.816665649414062,13.166666030883789,13.816665649414062,96000,0.0,0.0,OSWALSEEDS.NS
2022-02-08 00:00:00+05:30,13.166666030883789,13.816665649414062,13.166666030883789,13.816665649414062,48000,0.0,0.0,OSWALSEEDS.NS
2022-02-09 00:00:00+05:30,13.816665649414062,13.816665649414062,13.816665649414062,13.816665649414062,0,0.0,0.0,OSWALSEEDS.NS
2022-02-10 00:00:00+05:30,13.166666030883789,13.666666030883789,13.166666030883789,13.666666030883789,48000,0.0,0.0,OSWALSEEDS.NS
2022-02-11 00:00:00+05:30,13.666666030883789,13.666666030883789,13.666666030883789,13.666666030883789,0,0.0,0.0,OSWALSEEDS.NS
2022-02-14 00:00:00+05:30,13.5,14.75,13.5,14.75,48000,0.0,0.0,OSWALSEEDS.NS
2022-02-15 00:00:00+05:30,15.0,15.0,15.0,15.0,24000,0.0,0.0,OSWALSEEDS.NS
2022-02-16 00:00:00+05:30,15.0,15.5,15.0,15.5,48000,0.0,0.0,OSWALSEEDS.NS
2022-02-17 00:00:00+05:30,16.083332061767578,16.083332061767578,16.083332061767578,16.083332061767578,24000,0.0,0.0,OSWALSEEDS.NS
2022-02-18 00:00:00+05:30,16.25,16.25,16.16666603088379,16.16666603088379,48000,0.0,0.0,OSWALSEEDS.NS
2022-02-21 00:00:00+05:30,16.16666603088379,16.16666603088379,16.16666603088379,16.16666603088379,0,0.0,0.0,OSWALSEEDS.NS
2022-02-22 00:00:00+05:30,16.16666603088379,16.16666603088379,16.16666603088379,16.16666603088379,0,0.0,0.0,OSWALSEEDS.NS
2022-02-23 00:00:00+05:30,16.16666603088379,16.16666603088379,16.16666603088379,16.16666603088379,0,0.0,0.0,OSWALSEEDS.NS
2022-02-24 00:00:00+05:30,16.16666603088379,16.16666603088379,16.16666603088379,16.16666603088379,0,0.0,0.0,OSWALSEEDS.NS
2022-02-25 00:00:00+05:30,16.5,16.5,16.483333587646484,16.483333587646484,48000,0.0,0.0,OSWALSEEDS.NS
2022-02-28 00:00:00+05:30,16.483333587646484,16.633333206176758,16.458332061767578,16.633333206176758,72000,0.0,0.0,OSWALSEEDS.NS
2022-03-02 00:00:00+05:30,15.808333396911621,15.808333396911621,15.808333396911621,15.808333396911621,96000,0.0,0.0,OSWALSEEDS.NS
2022-03-03 00:00:00+05:30,15.808333396911621,15.808333396911621,15.808333396911621,15.808333396911621,0,0.0,0.0,OSWALSEEDS.NS
2022-03-04 00:00:00+05:30,15.808333396911621,15.808333396911621,15.808333396911621,15.808333396911621,0,0.0,0.0,OSWALSEEDS.NS
2022-03-07 00:00:00+05:30,15.808333396911621,15.808333396911621,15.808333396911621,15.808333396911621,0,0.0,0.0,OSWALSEEDS.NS
2022-03-08 00:00:00+05:30,14.274999618530273,14.274999618530273,14.274999618530273,14.274999618530273,24000,0.0,0.0,OSWALSEEDS.NS
2022-03-09 00:00:00+05:30,13.566665649414062,13.566665649414062,13.566665649414062,13.566665649414062,24000,0.0,0.0,OSWALSEEDS.NS
2022-03-10 00:00:00+05:30,13.566665649414062,13.566665649414062,13.566665649414062,13.566665649414062,0,0.0,0.0,OSWALSEEDS.NS
2022-03-11 00:00:00+05:30,13.566665649414062,13.566665649414062,13.566665649414062,13.566665649414062,0,0.0,0.0,OSWALSEEDS.NS
2022-03-14 00:00:00+05:30,12.891666412353516,12.891666412353516,12.891666412353516,12.891666412353516,24000,0.0,0.0,OSWALSEEDS.NS
2022-03-15 00:00:00+05:30,12.25,12.25,12.25,12.25,24000,0.0,0.0,OSWALSEEDS.NS
2022-03-16 00:00:00+05:30,11.641666412353516,11.641666412353516,11.641666412353516,11.641666412353516,24000,0.0,0.0,OSWALSEEDS.NS
2022-03-17 00:00:00+05:30,11.641666412353516,11.641666412353516,11.641666412353516,11.641666412353516,0,0.0,0.0,OSWALSEEDS.NS
2022-03-21 00:00:00+05:30,11.066665649414062,11.066665649414062,11.066665649414062,11.066665649414062,24000,0.0,0.0,OSWALSEEDS.NS
2022-03-22 00:00:00+05:30,10.516666412353516,10.516666412353516,10.516666412353516,10.516666412353516,24000,0.0,0.0,OSWALSEEDS.NS
2022-03-23 00:00:00+05:30,9.991665840148926,9.991665840148926,9.991665840148926,9.991665840148926,24000,0.0,0.0,OSWALSEEDS.NS
2022-03-24 00:00:00+05:30,9.991665840148926,9.991665840148926,9.991665840148926,9.991665840148926,0,0.0,0.0,OSWALSEEDS.NS
2022-03-25 00:00:00+05:30,9.991665840148926,9.991665840148926,9.991665840148926,9.991665840148926,0,0.0,0.0,OSWALSEEDS.NS
2022-03-28 00:00:00+05:30,9.5,9.5,9.5,9.5,24000,0.0,0.0,OSWALSEEDS.NS
2022-03-29 00:00:00+05:30,9.5,9.5,9.5,9.5,0,0.0,0.0,OSWALSEEDS.NS
2022-03-30 00:00:00+05:30,9.5,9.5,9.5,9.5,0,0.0,0.0,OSWALSEEDS.NS
2022-03-31 00:00:00+05:30,9.5,9.5,9.5,9.5,0,0.0,0.0,OSWALSEEDS.NS
2022-04-01 00:00:00+05:30,9.5,9.5,9.5,9.5,0,0.0,0.0,OSWALSEEDS.NS
2022-04-04 00:00:00+05:30,9.583333015441895,9.583333015441895,9.583333015441895,9.583333015441895,24000,0.0,0.0,OSWALSEEDS.NS
2022-04-05 00:00:00+05:30,9.675000190734863,9.675000190734863,9.675000190734863,9.675000190734863,24000,0.0,0.0,OSWALSEEDS.NS
2022-04-06 00:00:00+05:30,9.675000190734863,9.675000190734863,9.675000190734863,9.675000190734863,0,0.0,0.0,OSWALSEEDS.NS
2022-04-07 00:00:00+05:30,9.800000190734863,9.800000190734863,9.800000190734863,9.800000190734863,24000,0.0,0.0,OSWALSEEDS.NS
2022-04-08 00:00:00+05:30,9.800000190734863,9.800000190734863,9.800000190734863,9.800000190734863,0,0.0,0.0,OSWALSEEDS.NS
2022-04-11 00:00:00+05:30,10.083333015441895,10.083333015441895,10.083333015441895,10.083333015441895,24000,0.0,0.0,OSWALSEEDS.NS
2022-04-12 00:00:00+05:30,9.833333015441895,9.833333015441895,9.833333015441895,9.833333015441895,24000,0.0,0.0,OSWALSEEDS.NS
2022-04-13 00:00:00+05:30,9.833333015441895,9.833333015441895,9.833333015441895,9.833333015441895,0,0.0,0.0,OSWALSEEDS.NS
2022-04-18 00:00:00+05:30,10.0,10.0,10.0,10.0,24000,0.0,0.0,OSWALSEEDS.NS
2022-04-19 00:00:00+05:30,10.208333015441895,10.208333015441895,10.208333015441895,10.208333015441895,24000,0.0,0.0,OSWALSEEDS.NS
2022-04-20 00:00:00+05:30,10.383333206176758,10.383333206176758,10.383333206176758,10.383333206176758,24000,0.0,0.0,OSWALSEEDS.NS
2022-04-21 00:00:00+05:30,10.583333015441895,10.583333015441895,10.583333015441895,10.583333015441895,24000,0.0,0.0,OSWALSEEDS.NS
2022-04-22 00:00:00+05:30,10.583333015441895,10.583333015441895,10.583333015441895,10.583333015441895,0,0.0,0.0,OSWALSEEDS.NS
2022-04-25 00:00:00+05:30,10.816665649414062,10.816665649414062,10.816665649414062,10.816665649414062,24000,0.0,0.0,OSWALSEEDS.NS
2022-04-26 00:00:00+05:30,11.316665649414062,11.316665649414062,11.316665649414062,11.316665649414062,24000,0.0,0.0,OSWALSEEDS.NS
2022-04-27 00:00:00+05:30,11.816665649414062,11.816665649414062,11.816665649414062,11.816665649414062,24000,0.0,0.0,OSWALSEEDS.NS
2022-04-28 00:00:00+05:30,12.0,12.0,12.0,12.0,24000,0.0,0.0,OSWALSEEDS.NS
2022-04-29 00:00:00+05:30,12.0,12.0,12.0,12.0,0,0.0,0.0,OSWALSEEDS.NS
2022-05-02 00:00:00+05:30,12.166666030883789,12.25,12.166666030883789,12.25,48000,0.0,0.0,OSWALSEEDS.NS
2022-05-04 00:00:00+05:30,12.5,12.5,12.5,12.5,24000,0.0,0.0,OSWALSEEDS.NS
2022-05-05 00:00:00+05:30,12.5,12.5,12.5,12.5,0,0.0,0.0,OSWALSEEDS.NS
2022-05-06 00:00:00+05:30,12.5,12.5,12.5,12.5,0,0.0,0.0,OSWALSEEDS.NS
2022-05-09 00:00:00+05:30,12.833333015441895,12.833333015441895,12.833333015441895,12.833333015441895,24000,0.0,0.0,OSWALSEEDS.NS
2022-05-10 00:00:00+05:30,13.0,13.166666030883789,13.0,13.166666030883789,48000,0.0,0.0,OSWALSEEDS.NS
2022-05-11 00:00:00+05:30,13.583333015441895,13.583333015441895,13.583333015441895,13.583333015441895,24000,0.0,0.0,OSWALSEEDS.NS
2022-05-12 00:00:00+05:30,13.0,13.833333015441895,13.0,13.833333015441895,72000,0.0,0.0,OSWALSEEDS.NS
2022-05-13 00:00:00+05:30,14.416666030883789,14.416666030883789,14.416666030883789,14.416666030883789,24000,0.0,0.0,OSWALSEEDS.NS
2022-05-16 00:00:00+05:30,14.416666030883789,14.416666030883789,14.416666030883789,14.416666030883789,0,0.0,0.0,OSWALSEEDS.NS
2022-05-17 00:00:00+05:30,14.416666030883789,14.416666030883789,14.416666030883789,14.416666030883789,0,0.0,0.0,OSWALSEEDS.NS
2022-05-18 00:00:00+05:30,14.5,14.5,14.5,14.5,24000,0.0,0.0,OSWALSEEDS.NS
2022-05-19 00:00:00+05:30,14.491665840148926,14.491665840148926,14.491665840148926,14.491665840148926,24000,0.0,0.0,OSWALSEEDS.NS
2022-05-20 00:00:00+05:30,15.0,15.0,15.0,15.0,24000,0.0,0.0,OSWALSEEDS.NS
2022-05-23 00:00:00+05:30,15.0,15.0,15.0,15.0,0,0.0,0.0,OSWALSEEDS.NS
2022-05-24 00:00:00+05:30,15.333333015441895,15.333333015441895,15.333333015441895,15.333333015441895,24000,0.0,0.0,OSWALSEEDS.NS
2022-05-25 00:00:00+05:30,15.583333015441895,15.583333015441895,15.583333015441895,15.583333015441895,24000,0.0,0.0,OSWALSEEDS.NS
2022-05-26 00:00:00+05:30,15.649999618530273,15.649999618530273,15.649999618530273,15.649999618530273,24000,0.0,0.0,OSWALSEEDS.NS
2022-05-27 00:00:00+05:30,15.791666030883789,15.791666030883789,15.791666030883789,15.791666030883789,24000,0.0,0.0,OSWALSEEDS.NS
2022-05-30 00:00:00+05:30,15.791666030883789,15.791666030883789,15.791666030883789,15.791666030883789,0,0.0,0.0,OSWALSEEDS.NS
2022-05-31 00:00:00+05:30,15.791666030883789,15.791666030883789,15.791666030883789,15.791666030883789,0,0.0,0.0,OSWALSEEDS.NS
2022-06-01 00:00:00+05:30,17.0,17.0,17.0,17.0,24000,0.0,0.0,OSWALSEEDS.NS
2022-06-02 00:00:00+05:30,17.0,17.0,17.0,17.0,0,0.0,0.0,OSWALSEEDS.NS
2022-06-03 00:00:00+05:30,17.0,17.0,17.0,17.0,0,0.0,0.0,OSWALSEEDS.NS
2022-06-06 00:00:00+05:30,17.0,17.0,17.0,17.0,0,0.0,0.0,OSWALSEEDS.NS
2022-06-07 00:00:00+05:30,17.16666603088379,17.16666603088379,17.16666603088379,17.16666603088379,24000,0.0,0.0,OSWALSEEDS.NS
2022-06-08 00:00:00+05:30,17.16666603088379,17.16666603088379,17.16666603088379,17.16666603088379,0,0.0,0.0,OSWALSEEDS.NS
2022-06-09 00:00:00+05:30,17.16666603088379,17.16666603088379,17.16666603088379,17.16666603088379,0,0.0,0.0,OSWALSEEDS.NS
2022-06-10 00:00:00+05:30,16.333332061767578,16.333332061767578,16.333332061767578,16.333332061767578,24000,0.0,0.0,OSWALSEEDS.NS
2022-06-13 00:00:00+05:30,16.333332061767578,16.333332061767578,16.333332061767578,16.333332061767578,0,0.0,0.0,OSWALSEEDS.NS
2022-06-14 00:00:00+05:30,15.516666412353516,15.516666412353516,15.516666412353516,15.516666412353516,24000,0.0,0.0,OSWALSEEDS.NS
2022-06-15 00:00:00+05:30,14.741665840148926,14.741665840148926,14.741665840148926,14.741665840148926,24000,0.0,0.0,OSWALSEEDS.NS
2022-06-16 00:00:00+05:30,14.008333206176758,14.008333206176758,14.008333206176758,14.008333206176758,24000,0.0,0.0,OSWALSEEDS.NS
2022-06-17 00:00:00+05:30,13.308333396911621,13.308333396911621,13.308333396911621,13.308333396911621,120000,0.0,0.0,OSWALSEEDS.NS
2022-06-20 00:00:00+05:30,12.649999618530273,12.649999618530273,12.649999618530273,12.649999618530273,24000,0.0,0.0,OSWALSEEDS.NS
2022-06-21 00:00:00+05:30,12.024999618530273,13.274999618530273,12.024999618530273,13.274999618530273,48000,0.0,0.0,OSWALSEEDS.NS
2022-06-22 00:00:00+05:30,13.666666030883789,13.916666030883789,12.616665840148926,12.649999618530273,120000,0.0,0.0,OSWALSEEDS.NS
2022-06-23 00:00:00+05:30,13.0,13.0,13.0,13.0,24000,0.0,0.0,OSWALSEEDS.NS
2022-06-24 00:00:00+05:30,13.566665649414062,13.566665649414062,12.350000381469727,12.350000381469727,48000,0.0,0.0,OSWALSEEDS.NS
2022-06-27 00:00:00+05:30,12.941665649414062,12.949999809265137,12.941665649414062,12.949999809265137,48000,0.0,0.0,OSWALSEEDS.NS
2022-06-28 00:00:00+05:30,13.583333015441895,13.583333015441895,13.583333015441895,13.583333015441895,24000,0.0,0.0,OSWALSEEDS.NS
2022-06-29 00:00:00+05:30,13.583333015441895,13.583333015441895,13.583333015441895,13.583333015441895,0,0.0,0.0,OSWALSEEDS.NS
2022-06-30 00:00:00+05:30,14.241665840148926,14.241665840148926,14.241665840148926,14.241665840148926,24000,0.0,0.0,OSWALSEEDS.NS
2022-07-01 00:00:00+05:30,14.241665840148926,14.241665840148926,14.241665840148926,14.241665840148926,0,0.0,0.0,OSWALSEEDS.NS
2022-07-04 00:00:00+05:30,14.666666030883789,14.666666030883789,14.666666030883789,14.666666030883789,24000,0.0,0.0,OSWALSEEDS.NS
2022-07-05 00:00:00+05:30,14.666666030883789,14.666666030883789,14.666666030883789,14.666666030883789,0,0.0,0.0,OSWALSEEDS.NS
2022-07-06 00:00:00+05:30,14.666666030883789,14.666666030883789,14.666666030883789,14.666666030883789,0,0.0,0.0,OSWALSEEDS.NS
2022-07-07 00:00:00+05:30,14.666666030883789,14.666666030883789,14.666666030883789,14.666666030883789,24000,0.0,0.0,OSWALSEEDS.NS
2022-07-08 00:00:00+05:30,14.666666030883789,14.666666030883789,14.666666030883789,14.666666030883789,0,0.0,0.0,OSWALSEEDS.NS
2022-07-11 00:00:00+05:30,14.666666030883789,14.666666030883789,14.666666030883789,14.666666030883789,0,0.0,0.0,OSWALSEEDS.NS
2022-07-12 00:00:00+05:30,14.666666030883789,14.666666030883789,14.666666030883789,14.666666030883789,0,0.0,0.0,OSWALSEEDS.NS
2022-07-13 00:00:00+05:30,14.666666030883789,14.666666030883789,14.666666030883789,14.666666030883789,0,0.0,0.0,OSWALSEEDS.NS
2022-07-14 00:00:00+05:30,14.666666030883789,14.666666030883789,14.666666030883789,14.666666030883789,0,0.0,0.0,OSWALSEEDS.NS
2022-07-15 00:00:00+05:30,14.666666030883789,14.666666030883789,14.666666030883789,14.666666030883789,0,0.0,0.0,OSWALSEEDS.NS
2022-07-18 00:00:00+05:30,15.399999618530273,15.399999618530273,15.399999618530273,15.399999618530273,144000,0.0,0.0,OSWALSEEDS.NS
2022-07-19 00:00:00+05:30,15.399999618530273,15.399999618530273,15.399999618530273,15.399999618530273,0,0.0,0.0,OSWALSEEDS.NS
2022-07-20 00:00:00+05:30,15.399999618530273,15.399999618530273,15.399999618530273,15.399999618530273,0,0.0,0.0,OSWALSEEDS.NS
2022-07-21 00:00:00+05:30,15.399999618530273,15.399999618530273,15.399999618530273,15.399999618530273,0,0.0,0.0,OSWALSEEDS.NS
2022-07-22 00:00:00+05:30,15.399999618530273,15.399999618530273,15.399999618530273,15.399999618530273,0,0.0,0.0,OSWALSEEDS.NS
2022-07-25 00:00:00+05:30,15.333333015441895,15.333333015441895,15.333333015441895,15.333333015441895,24000,0.0,0.0,OSWALSEEDS.NS
2022-07-26 00:00:00+05:30,15.333333015441895,15.333333015441895,15.333333015441895,15.333333015441895,0,0.0,0.0,OSWALSEEDS.NS
2022-07-27 00:00:00+05:30,14.583333015441895,15.833333015441895,14.583333015441895,15.833333015441895,36000,0.0,0.0,OSWALSEEDS.NS
2022-07-28 00:00:00+05:30,16.0,16.16666603088379,16.0,16.16666603088379,60000,0.0,0.0,OSWALSEEDS.NS
2022-07-29 00:00:00+05:30,16.25,16.833332061767578,16.208332061767578,16.833332061767578,84000,0.0,0.0,OSWALSEEDS.NS
2022-08-01 00:00:00+05:30,17.0,17.29166603088379,17.0,17.29166603088379,60000,0.0,0.0,OSWALSEEDS.NS
2022-08-02 00:00:00+05:30,16.466665267944336,17.475000381469727,16.466665267944336,17.333332061767578,84000,0.0,0.0,OSWALSEEDS.NS
2022-08-03 00:00:00+05:30,17.466665267944336,18.133333206176758,17.41666603088379,18.133333206176758,60000,0.0,0.0,OSWALSEEDS.NS
2022-08-04 00:00:00+05:30,18.25,18.316665649414062,17.25,18.316665649414062,108000,0.0,0.0,OSWALSEEDS.NS
2022-08-05 00:00:00+05:30,18.41666603088379,18.583332061767578,17.40833282470703,17.66666603088379,108000,0.0,0.0,OSWALSEEDS.NS
2022-08-08 00:00:00+05:30,18.133333206176758,18.133333206176758,18.083332061767578,18.083332061767578,60000,0.0,0.0,OSWALSEEDS.NS
2022-08-10 00:00:00+05:30,17.200000762939453,18.758333206176758,17.200000762939453,18.25,156000,0.0,0.0,OSWALSEEDS.NS
2022-08-11 00:00:00+05:30,18.083332061767578,18.083332061767578,17.350000381469727,18.04166603088379,84000,0.0,0.0,OSWALSEEDS.NS
2022-08-12 00:00:00+05:30,18.04166603088379,18.04166603088379,18.04166603088379,18.04166603088379,0,0.0,0.0,OSWALSEEDS.NS
2022-08-16 00:00:00+05:30,17.608333587646484,17.649999618530273,17.608333587646484,17.633333206176758,48000,0.0,0.0,OSWALSEEDS.NS
2022-08-17 00:00:00+05:30,17.774999618530273,17.774999618530273,16.758333206176758,16.758333206176758,84000,0.0,0.0,OSWALSEEDS.NS
2022-08-18 00:00:00+05:30,16.308332443237305,16.366666793823242,16.308332443237305,16.316665649414062,48000,0.0,0.0,OSWALSEEDS.NS
2022-08-19 00:00:00+05:30,15.875,15.899999618530273,15.866665840148926,15.899999618530273,60000,0.0,0.0,OSWALSEEDS.NS
2022-08-22 00:00:00+05:30,15.666666030883789,15.666666030883789,15.5,15.5,48000,0.0,0.0,OSWALSEEDS.NS
2022-08-23 00:00:00+05:30,15.0,15.033332824707031,14.733332633972168,14.733332633972168,60000,0.0,0.0,OSWALSEEDS.NS
2022-08-24 00:00:00+05:30,14.5,14.5,14.5,14.5,12000,0.0,0.0,OSWALSEEDS.NS
2022-08-25 00:00:00+05:30,14.5,14.5,14.5,14.5,0,0.0,0.0,OSWALSEEDS.NS
2022-08-26 00:00:00+05:30,14.5,14.5,13.833333015441895,13.833333015441895,24000,0.0,0.0,OSWALSEEDS.NS
2022-08-29 00:00:00+05:30,13.141666412353516,13.141666412353516,13.141666412353516,13.141666412353516,12000,0.0,0.0,OSWALSEEDS.NS
2022-08-30 00:00:00+05:30,12.5,13.141666412353516,12.5,13.141666412353516,36000,0.0,0.0,OSWALSEEDS.NS
2022-09-01 00:00:00+05:30,13.783332824707031,13.783332824707031,13.333333015441895,13.333333015441895,120000,0.0,0.0,OSWALSEEDS.NS
2022-09-02 00:00:00+05:30,13.949999809265137,14.0,12.716666221618652,14.0,372000,0.0,0.0,OSWALSEEDS.NS
2022-09-05 00:00:00+05:30,14.5,14.666666030883789,13.758333206176758,14.658332824707031,264000,0.0,0.0,OSWALSEEDS.NS
2022-09-06 00:00:00+05:30,15.0,15.158332824707031,14.899999618530273,15.158332824707031,204000,0.0,0.0,OSWALSEEDS.NS
2022-09-07 00:00:00+05:30,15.383333206176758,15.833333015441895,15.283332824707031,15.666666030883789,228000,0.0,0.0,OSWALSEEDS.NS
2022-09-08 00:00:00+05:30,16.333332061767578,16.333332061767578,15.833333015441895,16.333332061767578,96000,0.0,0.0,OSWALSEEDS.NS
2022-09-09 00:00:00+05:30,16.66666603088379,16.79166603088379,16.66666603088379,16.758333206176758,144000,0.0,0.0,OSWALSEEDS.NS
2022-09-12 00:00:00+05:30,16.758333206176758,17.5,16.600000381469727,17.125,264000,0.0,0.0,OSWALSEEDS.NS
2022-09-13 00:00:00+05:30,17.66666603088379,17.91666603088379,17.5,17.91666603088379,240000,0.0,0.0,OSWALSEEDS.NS
2022-09-14 00:00:00+05:30,18.333332061767578,18.808332443237305,18.16666603088379,18.808332443237305,144000,0.0,0.0,OSWALSEEDS.NS
2022-09-15 00:00:00+05:30,19.433332443237305,19.733333587646484,19.366666793823242,19.733333587646484,156000,0.0,0.0,OSWALSEEDS.NS
2022-09-16 00:00:00+05:30,20.16666603088379,20.649999618530273,20.083332061767578,20.649999618530273,144000,0.0,0.0,OSWALSEEDS.NS
2022-09-19 00:00:00+05:30,21.28333282470703,21.333332061767578,21.083332061767578,21.083332061767578,204000,0.0,0.0,OSWALSEEDS.NS
2022-09-20 00:00:00+05:30,21.083332061767578,22.133333206176758,20.66666603088379,21.316665649414062,456000,0.0,0.0,OSWALSEEDS.NS
2022-09-21 00:00:00+05:30,22.0,22.16666603088379,20.833332061767578,22.083332061767578,240000,0.0,0.0,OSWALSEEDS.NS
2022-09-22 00:00:00+05:30,21.258333206176758,22.66666603088379,20.991666793823242,22.491666793823242,768000,0.0,0.0,OSWALSEEDS.NS
2022-09-23 00:00:00+05:30,22.16666603088379,23.083332061767578,21.66666603088379,22.950000762939453,600000,0.0,0.0,OSWALSEEDS.NS
2022-09-26 00:00:00+05:30,22.174999237060547,23.616666793823242,22.174999237060547,23.075000762939453,192000,0.0,0.0,OSWALSEEDS.NS
2022-09-27 00:00:00+05:30,24.16666603088379,24.225000381469727,22.516666412353516,23.708332061767578,708000,0.0,0.0,OSWALSEEDS.NS
2022-09-28 00:00:00+05:30,24.0,24.575000762939453,22.841665267944336,24.316665649414062,516000,0.0,0.0,OSWALSEEDS.NS
2022-09-29 00:00:00+05:30,24.825000762939453,25.16666603088379,23.516666412353516,25.15833282470703,576000,0.0,0.0,OSWALSEEDS.NS
2022-09-30 00:00:00+05:30,25.833332061767578,25.90833282470703,24.341665267944336,25.316665649414062,480000,0.0,0.0,OSWALSEEDS.NS
2022-10-03 00:00:00+05:30,25.333332061767578,26.491666793823242,24.674999237060547,26.241666793823242,708000,0.0,0.0,OSWALSEEDS.NS
2022-10-04 00:00:00+05:30,26.66666603088379,27.233333587646484,26.16666603088379,27.16666603088379,360000,0.0,0.0,OSWALSEEDS.NS
2022-10-06 00:00:00+05:30,27.16666603088379,28.5,27.16666603088379,28.433332443237305,540000,0.0,0.0,OSWALSEEDS.NS
2022-10-07 00:00:00+05:30,29.333332061767578,29.66666603088379,28.833332061767578,29.225000381469727,600000,0.0,0.0,OSWALSEEDS.NS
2022-10-10 00:00:00+05:30,29.991666793823242,30.16666603088379,28.833332061767578,29.391666412353516,456000,0.0,0.0,OSWALSEEDS.NS
2022-10-11 00:00:00+05:30,29.25,29.90833282470703,28.983333587646484,29.433332443237305,552000,0.0,0.0,OSWALSEEDS.NS
2022-10-12 00:00:00+05:30,29.75,30.75,29.333332061767578,30.0,720000,0.0,0.0,OSWALSEEDS.NS
2022-10-13 00:00:00+05:30,30.333332061767578,31.41666603088379,30.0,30.808332443237305,636000,0.0,0.0,OSWALSEEDS.NS
2022-10-14 00:00:00+05:30,31.16666603088379,31.66666603088379,30.75,31.25,564000,0.0,0.0,OSWALSEEDS.NS
2022-10-17 00:00:00+05:30,31.833332061767578,32.32500076293945,29.816665649414062,31.450000762939453,528000,0.0,0.0,OSWALSEEDS.NS
2022-10-18 00:00:00+05:30,29.91666603088379,30.958332061767578,29.883333206176758,30.29166603088379,612000,0.0,0.0,OSWALSEEDS.NS
2022-10-19 00:00:00+05:30,29.333332061767578,31.475000381469727,28.78333282470703,31.091665267944336,1176000,0.0,0.0,OSWALSEEDS.NS
2022-10-20 00:00:00+05:30,31.66666603088379,32.5,30.5,31.966665267944336,828000,0.0,0.0,OSWALSEEDS.NS
2022-10-21 00:00:00+05:30,33.15833282470703,33.5,32.5,32.90833282470703,372000,0.0,0.0,OSWALSEEDS.NS
2022-10-24 00:00:00+05:30,34.0,34.0,32.0,33.74166488647461,144000,0.0,0.0,OSWALSEEDS.NS
2022-10-25 00:00:00+05:30,33.74166488647461,34.29999923706055,33.33333206176758,33.83333206176758,336000,0.0,0.0,OSWALSEEDS.NS
2022-10-27 00:00:00+05:30,33.49166488647461,33.733333587646484,32.67499923706055,32.68333435058594,120000,0.0,0.0,OSWALSEEDS.NS
2022-10-28 00:00:00+05:30,33.25,33.25,31.049999237060547,31.049999237060547,504000,0.0,0.0,OSWALSEEDS.NS
2022-10-31 00:00:00+05:30,31.208332061767578,31.308332443237305,29.508333206176758,29.508333206176758,192000,0.0,0.0,OSWALSEEDS.NS
2022-11-01 00:00:00+05:30,29.16666603088379,29.483333587646484,28.03333282470703,28.03333282470703,228000,0.0,0.0,OSWALSEEDS.NS
2022-11-02 00:00:00+05:30,27.5,29.15833282470703,27.16666603088379,28.91666603088379,264000,0.0,0.0,OSWALSEEDS.NS
2022-11-03 00:00:00+05:30,29.16666603088379,29.991666793823242,28.833332061767578,29.116666793823242,204000,0.0,0.0,OSWALSEEDS.NS
2022-11-04 00:00:00+05:30,29.208332061767578,29.25,29.16666603088379,29.16666603088379,96000,0.0,0.0,OSWALSEEDS.NS
2022-11-07 00:00:00+05:30,29.333332061767578,29.433332443237305,29.25,29.433332443237305,96000,0.0,0.0,OSWALSEEDS.NS
2022-11-09 00:00:00+05:30,29.5,30.899999618530273,29.5,30.833332061767578,264000,0.0,0.0,OSWALSEEDS.NS
2022-11-10 00:00:00+05:30,31.0,31.850000381469727,30.91666603088379,31.825000762939453,204000,0.0,0.0,OSWALSEEDS.NS
2022-11-11 00:00:00+05:30,31.91666603088379,33.40833282470703,31.66666603088379,33.275001525878906,444000,0.0,0.0,OSWALSEEDS.NS
2022-11-14 00:00:00+05:30,33.83333206176758,34.82500076293945,33.59166717529297,34.75,360000,0.0,0.0,OSWALSEEDS.NS
2022-11-15 00:00:00+05:30,35.83333206176758,36.25,35.666664123535156,36.21666717529297,156000,0.0,0.0,OSWALSEEDS.NS
2022-11-16 00:00:00+05:30,37.5,37.75,35.83333206176758,37.508331298828125,312000,0.0,0.0,OSWALSEEDS.NS
2022-11-17 00:00:00+05:30,37.58333206176758,38.17499923706055,37.33333206176758,38.016666412353516,192000,0.0,0.0,OSWALSEEDS.NS
2022-11-18 00:00:00+05:30,39.0,39.0,38.31666564941406,38.31666564941406,192000,0.0,0.0,OSWALSEEDS.NS
2022-11-21 00:00:00+05:30,37.666664123535156,39.166664123535156,36.40833282470703,36.40833282470703,360000,0.0,0.0,OSWALSEEDS.NS
2022-11-22 00:00:00+05:30,35.0,38.06666564941406,34.59166717529297,38.04999923706055,864000,0.0,0.0,OSWALSEEDS.NS
2022-11-23 00:00:00+05:30,36.83333206176758,39.0,36.83333206176758,38.67499923706055,516000,0.0,0.0,OSWALSEEDS.NS
2022-11-24 00:00:00+05:30,38.758331298828125,39.916664123535156,38.0,39.11666488647461,384000,0.0,0.0,OSWALSEEDS.NS
2022-11-25 00:00:00+05:30,39.166664123535156,39.33333206176758,37.33333206176758,37.650001525878906,204000,0.0,0.0,OSWALSEEDS.NS
2022-11-28 00:00:00+05:30,38.20833206176758,39.0,37.666664123535156,38.46666717529297,216000,0.0,0.0,OSWALSEEDS.NS
2022-11-29 00:00:00+05:30,38.46666717529297,38.46666717529297,38.46666717529297,38.46666717529297,0,0.0,0.0,OSWALSEEDS.NS
2022-11-30 00:00:00+05:30,39.75,39.75,38.0,38.0,156000,0.0,0.0,OSWALSEEDS.NS
2022-12-01 00:00:00+05:30,38.0,38.0,38.0,38.0,0,0.0,0.0,OSWALSEEDS.NS
2022-12-02 00:00:00+05:30,38.83333206176758,39.58333206176758,38.025001525878906,39.150001525878906,144000,0.0,0.0,OSWALSEEDS.NS
2022-12-05 00:00:00+05:30,39.5,39.58333206176758,37.20000076293945,37.20000076293945,180000,0.0,0.0,OSWALSEEDS.NS
2022-12-06 00:00:00+05:30,37.83333206176758,38.5,35.70000076293945,38.5,108000,0.0,0.0,OSWALSEEDS.NS
2022-12-07 00:00:00+05:30,39.166664123535156,39.166664123535156,38.5,38.5,24000,0.0,0.0,OSWALSEEDS.NS
2022-12-08 00:00:00+05:30,38.916664123535156,39.666664123535156,38.633331298828125,39.666664123535156,60000,0.0,0.0,OSWALSEEDS.NS
2022-12-09 00:00:00+05:30,36.666664123535156,39.141666412353516,36.666664123535156,38.666664123535156,120000,0.0,0.0,OSWALSEEDS.NS
2022-12-12 00:00:00+05:30,36.17499923706055,39.0,36.17499923706055,38.25,192000,0.0,0.0,OSWALSEEDS.NS
2022-12-13 00:00:00+05:30,38.525001525878906,39.891666412353516,38.483333587646484,39.891666412353516,120000,0.0,0.0,OSWALSEEDS.NS
2022-12-14 00:00:00+05:30,39.58333206176758,39.58333206176758,38.83333206176758,39.133331298828125,84000,0.0,0.0,OSWALSEEDS.NS
2022-12-15 00:00:00+05:30,39.0,39.19166564941406,36.166664123535156,36.666664123535156,180000,0.0,0.0,OSWALSEEDS.NS
2022-12-16 00:00:00+05:30,36.666664123535156,36.666664123535156,36.666664123535156,36.666664123535156,0,0.0,0.0,OSWALSEEDS.NS
2022-12-19 00:00:00+05:30,37.45000076293945,37.5,36.81666564941406,37.5,36000,0.0,0.0,OSWALSEEDS.NS
2022-12-20 00:00:00+05:30,37.5,37.5,37.5,37.5,0,0.0,0.0,OSWALSEEDS.NS
2022-12-21 00:00:00+05:30,38.666664123535156,38.666664123535156,34.133331298828125,37.09166717529297,1296000,0.0,0.0,OSWALSEEDS.NS
2022-12-22 00:00:00+05:30,37.09166717529297,38.79999923706055,35.17499923706055,36.65833282470703,108000,0.0,0.0,OSWALSEEDS.NS
2022-12-23 00:00:00+05:30,36.858333587646484,37.18333435058594,34.17499923706055,34.641666412353516,132000,0.0,0.0,OSWALSEEDS.NS
2022-12-26 00:00:00+05:30,33.33333206176758,35.84166717529297,33.33333206176758,34.82500076293945,72000,0.0,0.0,OSWALSEEDS.NS
2022-12-27 00:00:00+05:30,36.358333587646484,37.166664123535156,36.0,36.400001525878906,156000,0.0,0.0,OSWALSEEDS.NS
2022-12-28 00:00:00+05:30,39.099998474121094,39.099998474121094,36.0,36.483333587646484,120000,0.0,0.0,OSWALSEEDS.NS
2022-12-29 00:00:00+05:30,38.18333435058594,38.18333435058594,37.383331298828125,38.099998474121094,84000,0.0,0.0,OSWALSEEDS.NS
2022-12-30 00:00:00+05:30,38.650001525878906,39.67499923706055,38.641666412353516,39.67499923706055,48000,0.0,0.0,OSWALSEEDS.NS
2023-01-02 00:00:00+05:30,39.849998474121094,39.849998474121094,36.5,39.84166717529297,60000,0.0,0.0,OSWALSEEDS.NS
2023-01-03 00:00:00+05:30,40.08333206176758,40.08333206176758,36.45000076293945,39.883331298828125,36000,0.0,0.0,OSWALSEEDS.NS
2023-01-04 00:00:00+05:30,37.49166488647461,39.46666717529297,37.49166488647461,39.46666717529297,24000,0.0,0.0,OSWALSEEDS.NS
2023-01-05 00:00:00+05:30,36.608333587646484,39.11666488647461,36.608333587646484,39.11666488647461,24000,0.0,0.0,OSWALSEEDS.NS
2023-01-06 00:00:00+05:30,39.40833282470703,39.40833282470703,35.92499923706055,39.150001525878906,120000,0.0,0.0,OSWALSEEDS.NS
2023-01-09 00:00:00+05:30,39.69166564941406,39.70833206176758,37.5,39.18333435058594,84000,0.0,0.0,OSWALSEEDS.NS
2023-01-10 00:00:00+05:30,39.483333587646484,39.55833435058594,38.33333206176758,39.15833282470703,96000,0.0,0.0,OSWALSEEDS.NS
2023-01-11 00:00:00+05:30,38.83333206176758,39.08333206176758,38.83333206176758,39.08333206176758,36000,0.0,0.0,OSWALSEEDS.NS
2023-01-12 00:00:00+05:30,39.19166564941406,39.666664123535156,38.33333206176758,38.33333206176758,84000,0.0,0.0,OSWALSEEDS.NS
2023-01-13 00:00:00+05:30,38.525001525878906,39.33333206176758,38.33333206176758,39.33333206176758,96000,0.0,0.0,OSWALSEEDS.NS
2023-01-16 00:00:00+05:30,37.5,39.016666412353516,37.5,39.008331298828125,300000,0.0,0.0,OSWALSEEDS.NS
2023-01-17 00:00:00+05:30,39.30833435058594,39.916664123535156,38.33333206176758,38.33333206176758,192000,0.0,0.0,OSWALSEEDS.NS
2023-01-18 00:00:00+05:30,38.758331298828125,39.133331298828125,38.666664123535156,38.775001525878906,72000,0.0,0.0,OSWALSEEDS.NS
2023-01-19 00:00:00+05:30,38.858333587646484,39.90833282470703,37.61666488647461,38.758331298828125,120000,0.0,0.0,OSWALSEEDS.NS
2023-01-20 00:00:00+05:30,40.42499923706055,42.07500076293945,40.0,41.84166717529297,285000,0.0,0.0,OSWALSEEDS.NS
2023-01-23 00:00:00+05:30,43.291664123535156,45.25,43.0,44.78333282470703,216000,0.0,0.0,OSWALSEEDS.NS
2023-01-24 00:00:00+05:30,45.166664123535156,47.150001525878906,44.95833206176758,46.40833282470703,393000,0.0,0.0,OSWALSEEDS.NS
2023-01-25 00:00:00+05:30,47.33333206176758,50.0,47.05833435058594,49.19166564941406,282000,0.0,0.0,OSWALSEEDS.NS
2023-01-27 00:00:00+05:30,50.0,50.0,46.733333587646484,46.733333587646484,186000,0.0,0.0,OSWALSEEDS.NS
2023-01-30 00:00:00+05:30,45.18333435058594,46.608333587646484,44.400001525878906,45.40833282470703,159000,0.0,0.0,OSWALSEEDS.NS
2023-01-31 00:00:00+05:30,46.45000076293945,46.45000076293945,43.59166717529297,44.68333435058594,39000,0.0,0.0,OSWALSEEDS.NS
2023-02-01 00:00:00+05:30,45.733333587646484,46.28333282470703,44.25,45.65833282470703,102000,0.0,0.0,OSWALSEEDS.NS
2023-02-02 00:00:00+05:30,45.65833282470703,45.65833282470703,45.65833282470703,45.65833282470703,0,0.0,0.0,OSWALSEEDS.NS
2023-02-03 00:00:00+05:30,45.20833206176758,46.84166717529297,44.58333206176758,45.33333206176758,84000,0.0,0.0,OSWALSEEDS.NS
2023-02-06 00:00:00+05:30,46.33333206176758,46.400001525878906,45.166664123535156,45.57500076293945,114000,0.0,0.0,OSWALSEEDS.NS
2023-02-07 00:00:00+05:30,46.67499923706055,47.81666564941406,45.33333206176758,47.266666412353516,102000,0.0,0.0,OSWALSEEDS.NS
2023-02-08 00:00:00+05:30,49.18333435058594,49.625,48.349998474121094,49.5,99000,0.0,0.0,OSWALSEEDS.NS
2023-02-09 00:00:00+05:30,50.650001525878906,51.83333206176758,49.83333206176758,51.58333206176758,117000,0.0,0.0,OSWALSEEDS.NS
2023-02-10 00:00:00+05:30,53.150001525878906,54.15833282470703,51.83333206176758,54.15833282470703,252000,0.0,0.0,OSWALSEEDS.NS
2023-02-13 00:00:00+05:30,55.0,56.849998474121094,52.508331298828125,56.775001525878906,210000,0.0,0.0,OSWALSEEDS.NS
2023-02-14 00:00:00+05:30,58.69166564941406,58.69166564941406,56.666664123535156,58.125,129000,0.0,0.0,OSWALSEEDS.NS
2023-02-15 00:00:00+05:30,58.166664123535156,58.99166488647461,56.83333206176758,56.83333206176758,57000,0.0,0.0,OSWALSEEDS.NS
2023-02-16 00:00:00+05:30,56.84166717529297,58.32500076293945,54.166664123535156,58.32500076293945,156000,0.0,0.0,OSWALSEEDS.NS
2023-02-17 00:00:00+05:30,59.0,59.0,56.83333206176758,57.83333206176758,45000,0.0,0.0,OSWALSEEDS.NS
2023-02-20 00:00:00+05:30,58.33333206176758,58.33333206176758,57.5,58.15833282470703,27000,0.0,0.0,OSWALSEEDS.NS
2023-02-21 00:00:00+05:30,59.650001525878906,59.650001525878906,56.70833206176758,57.758331298828125,60000,0.0,0.0,OSWALSEEDS.NS
2023-02-22 00:00:00+05:30,57.83333206176758,58.32500076293945,56.33333206176758,57.891666412353516,78000,0.0,0.0,OSWALSEEDS.NS
2023-02-23 00:00:00+05:30,58.666664123535156,58.666664123535156,56.099998474121094,57.025001525878906,54000,0.0,0.0,OSWALSEEDS.NS
2023-02-24 00:00:00+05:30,58.31666564941406,59.875,56.008331298828125,59.53333282470703,324000,0.0,0.0,OSWALSEEDS.NS
2023-02-27 00:00:00+05:30,62.5,62.5,59.83333206176758,61.95833206176758,183000,0.0,0.0,OSWALSEEDS.NS
2023-02-28 00:00:00+05:30,64.0,65.05000305175781,61.83333206176758,64.08333587646484,1405248,0.0,0.0,OSWALSEEDS.NS
2023-03-01 00:00:00+05:30,66.16666412353516,66.33333587646484,63.33333206176758,64.625,160140,0.0,0.0,OSWALSEEDS.NS
2023-03-02 00:00:00+05:30,65.80000305175781,66.5,61.400001525878906,62.0,98202,0.0,0.0,OSWALSEEDS.NS
2023-03-03 00:00:00+05:30,62.33333206176758,63.99166488647461,58.900001525878906,58.900001525878906,670650,0.0,0.0,OSWALSEEDS.NS
2023-03-06 00:00:00+05:30,56.0,58.608333587646484,55.95833206176758,55.95833206176758,81726,0.0,0.0,OSWALSEEDS.NS
2023-03-08 00:00:00+05:30,53.166664123535156,58.0,53.166664123535156,56.666664123535156,290526,0.0,0.0,OSWALSEEDS.NS
2023-03-09 00:00:00+05:30,57.83333206176758,57.83333206176758,55.166664123535156,57.09166717529297,86664,0.0,0.0,OSWALSEEDS.NS
2023-03-10 00:00:00+05:30,56.733333587646484,57.416664123535156,54.24166488647461,55.19166564941406,174726,0.0,0.0,OSWALSEEDS.NS
2023-03-13 00:00:00+05:30,57.416664123535156,57.416664123535156,54.70833206176758,56.608333587646484,102768,0.0,0.0,OSWALSEEDS.NS
2023-03-14 00:00:00+05:30,58.33333206176758,58.33333206176758,54.666664123535156,57.18333435058594,83388,0.0,0.0,OSWALSEEDS.NS
2023-03-15 00:00:00+05:30,58.5,58.5,56.84166717529297,56.95833206176758,30840,0.0,0.0,OSWALSEEDS.NS
2023-03-16 00:00:00+05:30,58.33333206176758,58.33333206176758,54.849998474121094,56.45833206176758,76956,0.0,0.0,OSWALSEEDS.NS
2023-03-17 00:00:00+05:30,58.166664123535156,58.166664123535156,53.641666412353516,54.24166488647461,12798,0.0,0.0,OSWALSEEDS.NS
2023-03-20 00:00:00+05:30,55.625,55.625,53.49166488647461,54.99166488647461,66030,0.0,0.0,OSWALSEEDS.NS
2023-03-21 00:00:00+05:30,55.508331298828125,55.541664123535156,53.28333282470703,54.650001525878906,55878,0.0,0.0,OSWALSEEDS.NS
2023-03-22 00:00:00+05:30,56.666664123535156,56.666664123535156,53.666664123535156,54.15833282470703,25854,0.0,0.0,OSWALSEEDS.NS
2023-03-23 00:00:00+05:30,54.599998474121094,54.93333435058594,52.67499923706055,53.92499923706055,78300,0.0,0.0,OSWALSEEDS.NS
2023-03-24 00:00:00+05:30,55.008331298828125,55.008331298828125,52.166664123535156,53.42499923706055,73128,0.0,0.0,OSWALSEEDS.NS
2023-03-27 00:00:00+05:30,53.93333435058594,53.93333435058594,51.541664123535156,52.883331298828125,83784,0.0,0.0,OSWALSEEDS.NS
2023-03-28 00:00:00+05:30,54.974998474121094,54.974998474121094,52.483333587646484,53.608333587646484,35142,0.0,0.0,OSWALSEEDS.NS
2023-03-29 00:00:00+05:30,54.75,55.0,53.166664123535156,53.94166564941406,35754,0.0,0.0,OSWALSEEDS.NS
2023-03-31 00:00:00+05:30,55.025001525878906,55.166664123535156,53.900001525878906,54.125,41154,0.0,0.0,OSWALSEEDS.NS
2023-04-03 00:00:00+05:30,55.0,56.650001525878906,53.99166488647461,55.65833282470703,71142,0.0,0.0,OSWALSEEDS.NS
2023-04-05 00:00:00+05:30,56.483333587646484,56.5,55.0,56.36666488647461,139086,0.0,0.0,OSWALSEEDS.NS
2023-04-06 00:00:00+05:30,56.666664123535156,58.99166488647461,55.75,58.95000076293945,64038,0.0,0.0,OSWALSEEDS.NS
2023-04-10 00:00:00+05:30,61.608333587646484,61.608333587646484,57.483333587646484,59.18333435058594,186624,0.0,0.0,OSWALSEEDS.NS
2023-04-11 00:00:00+05:30,60.666664123535156,62.33333206176758,59.641666412353516,60.849998474121094,118296,0.0,0.0,OSWALSEEDS.NS
2023-04-12 00:00:00+05:30,60.83333206176758,63.391666412353516,60.83333206176758,62.32500076293945,67434,0.0,0.0,OSWALSEEDS.NS
2023-04-13 00:00:00+05:30,63.883331298828125,66.5,62.5,63.29999923706055,73914,0.0,0.0,OSWALSEEDS.NS
2023-04-17 00:00:00+05:30,62.666664123535156,63.71666717529297,58.883331298828125,60.5,208056,0.0,0.0,OSWALSEEDS.NS
2023-04-18 00:00:00+05:30,63.0,63.0,60.016666412353516,61.31666564941406,129066,0.0,0.0,OSWALSEEDS.NS
2023-04-19 00:00:00+05:30,61.17499923706055,61.17499923706055,58.33333206176758,58.474998474121094,52470,0.0,0.0,OSWALSEEDS.NS
2023-04-20 00:00:00+05:30,60.008331298828125,60.33333206176758,58.34166717529297,59.86666488647461,69036,0.0,0.0,OSWALSEEDS.NS
2023-04-21 00:00:00+05:30,62.83333206176758,62.83333206176758,60.008331298828125,61.391666412353516,68220,0.0,0.0,OSWALSEEDS.NS
2023-04-24 00:00:00+05:30,63.0,63.166664123535156,60.150001525878906,61.34166717529297,57198,0.0,0.0,OSWALSEEDS.NS
2023-04-25 00:00:00+05:30,62.08333206176758,62.483333587646484,60.58333206176758,61.70000076293945,67236,0.0,0.0,OSWALSEEDS.NS
2023-04-26 00:00:00+05:30,63.32500076293945,66.83333587646484,62.416664123535156,65.53333282470703,143634,0.0,0.0,OSWALSEEDS.NS
2023-04-27 00:00:00+05:30,65.83333587646484,67.33333587646484,65.0,66.03333282470703,364758,0.0,0.0,OSWALSEEDS.NS
2023-04-28 00:00:00+05:30,66.16666412353516,67.33333587646484,62.81666564941406,65.41666412353516,84396,0.0,0.0,OSWALSEEDS.NS
2023-05-02 00:00:00+05:30,66.33333587646484,67.0,63.983333587646484,66.5999984741211,95850,0.0,0.0,OSWALSEEDS.NS
2023-05-03 00:00:00+05:30,68.16666412353516,68.16666412353516,65.51666259765625,66.15833282470703,99276,0.0,0.0,OSWALSEEDS.NS
2023-05-04 00:00:00+05:30,66.31666564941406,66.31666564941406,63.5,64.20833587646484,50454,0.0,0.0,OSWALSEEDS.NS
2023-05-05 00:00:00+05:30,64.375,64.79166412353516,63.5,63.70000076293945,25056,0.0,0.0,OSWALSEEDS.NS
2023-05-08 00:00:00+05:30,64.63333129882812,65.0,61.766666412353516,63.45833206176758,43176,0.0,0.0,OSWALSEEDS.NS
2023-05-09 00:00:00+05:30,63.68333435058594,64.6500015258789,62.5,63.21666717529297,51966,0.0,0.0,OSWALSEEDS.NS
2023-05-10 00:00:00+05:30,64.59166717529297,64.7249984741211,61.666664123535156,62.11666488647461,36444,0.0,0.0,OSWALSEEDS.NS
2023-05-11 00:00:00+05:30,62.33333206176758,63.166664123535156,61.483333587646484,62.008331298828125,60546,0.0,0.0,OSWALSEEDS.NS
2023-05-12 00:00:00+05:30,62.008331298828125,62.508331298828125,60.83333206176758,61.94166564941406,35682,0.0,0.0,OSWALSEEDS.NS
2023-05-15 00:00:00+05:30,63.18333435058594,64.6500015258789,60.68333435058594,62.291664123535156,234366,0.0,0.0,OSWALSEEDS.NS
2023-05-16 00:00:00+05:30,57.71666717529297,63.31666564941406,57.71666717529297,62.36666488647461,80988,0.0,0.0,OSWALSEEDS.NS
2023-05-17 00:00:00+05:30,65.66666412353516,65.66666412353516,60.166664123535156,61.40833282470703,45690,0.0,0.0,OSWALSEEDS.NS
2023-05-18 00:00:00+05:30,62.33333206176758,62.33333206176758,57.258331298828125,58.95000076293945,52134,0.0,0.0,OSWALSEEDS.NS
2023-05-19 00:00:00+05:30,60.0,60.0,58.55833435058594,59.016666412353516,33846,0.0,0.0,OSWALSEEDS.NS
2023-05-22 00:00:00+05:30,59.016666412353516,61.05833435058594,57.59166717529297,59.391666412353516,48690,0.0,0.0,OSWALSEEDS.NS
2023-05-23 00:00:00+05:30,63.166664123535156,63.166664123535156,58.599998474121094,58.93333435058594,39690,0.0,0.0,OSWALSEEDS.NS
2023-05-24 00:00:00+05:30,62.5,62.5,58.68333435058594,59.666664123535156,58242,0.0,0.0,OSWALSEEDS.NS
2023-05-25 00:00:00+05:30,60.84166717529297,60.84166717529297,57.758331298828125,59.724998474121094,60966,0.0,0.0,OSWALSEEDS.NS
2023-05-26 00:00:00+05:30,59.99166488647461,64.16666412353516,59.641666412353516,62.483333587646484,257232,0.0,0.0,OSWALSEEDS.NS
2023-05-29 00:00:00+05:30,63.61666488647461,65.16666412353516,62.75,63.30833435058594,247038,0.0,0.0,OSWALSEEDS.NS
2023-05-30 00:00:00+05:30,63.30833435058594,63.83333206176758,61.166664123535156,61.916664123535156,159582,0.0,0.0,OSWALSEEDS.NS
2023-05-31 00:00:00+05:30,62.74166488647461,63.83333206176758,60.266666412353516,62.74166488647461,105996,0.0,0.0,OSWALSEEDS.NS
2023-06-01 00:00:00+05:30,63.36666488647461,66.14166259765625,63.016666412353516,64.44999694824219,166854,0.0,0.0,OSWALSEEDS.NS
2023-06-02 00:00:00+05:30,70.89166259765625,70.89166259765625,63.666664123535156,65.09166717529297,228372,0.0,0.0,OSWALSEEDS.NS
2023-06-05 00:00:00+05:30,69.66666412353516,69.66666412353516,64.67500305175781,65.4000015258789,152922,0.0,0.0,OSWALSEEDS.NS
2023-06-06 00:00:00+05:30,65.50833129882812,65.50833129882812,62.525001525878906,63.858333587646484,90942,0.0,0.0,OSWALSEEDS.NS
2023-06-07 00:00:00+05:30,68.33333587646484,68.33333587646484,62.67499923706055,64.04166412353516,159372,0.0,0.0,OSWALSEEDS.NS
2023-06-08 00:00:00+05:30,64.98332977294922,64.98332977294922,61.83333206176758,62.04999923706055,86598,0.0,0.0,OSWALSEEDS.NS
2023-06-09 00:00:00+05:30,62.09166717529297,62.82500076293945,61.18333435058594,61.891666412353516,63822,0.0,0.0,OSWALSEEDS.NS
2023-06-12 00:00:00+05:30,62.0,65.11666870117188,61.5,62.166664123535156,185304,0.0,0.0,OSWALSEEDS.NS
2023-06-13 00:00:00+05:30,63.33333206176758,63.791664123535156,61.33333206176758,61.65833282470703,69444,0.0,0.0,OSWALSEEDS.NS
2023-06-14 00:00:00+05:30,62.016666412353516,62.508331298828125,60.82500076293945,62.31666564941406,91968,0.0,0.0,OSWALSEEDS.NS
2023-06-15 00:00:00+05:30,63.31666564941406,63.31666564941406,60.0,61.40833282470703,51540,0.0,0.0,OSWALSEEDS.NS
2023-06-16 00:00:00+05:30,61.33333206176758,64.83333587646484,58.33333206176758,60.95833206176758,84978,0.0,0.0,OSWALSEEDS.NS
2023-06-19 00:00:00+05:30,60.95833206176758,61.791664123535156,60.58333206176758,61.400001525878906,72486,0.0,0.0,OSWALSEEDS.NS
2023-06-20 00:00:00+05:30,62.5,62.5,60.041664123535156,62.05833435058594,91086,0.0,0.0,OSWALSEEDS.NS
2023-06-21 00:00:00+05:30,63.31666564941406,63.31666564941406,59.516666412353516,60.53333282470703,76440,0.0,0.0,OSWALSEEDS.NS
2023-06-22 00:00:00+05:30,60.56666564941406,61.31666564941406,59.849998474121094,60.75,46644,0.0,0.0,OSWALSEEDS.NS
2023-06-23 00:00:00+05:30,62.33333206176758,62.33333206176758,59.008331298828125,59.75,67302,0.0,0.0,OSWALSEEDS.NS
2023-06-26 00:00:00+05:30,59.75,60.94166564941406,59.75,60.17499923706055,48048,0.0,0.0,OSWALSEEDS.NS
2023-06-27 00:00:00+05:30,60.516666412353516,61.666664123535156,59.666664123535156,60.233333587646484,22056,0.0,0.0,OSWALSEEDS.NS
2023-06-28 00:00:00+05:30,60.666664123535156,61.224998474121094,59.099998474121094,60.358333587646484,50298,0.0,0.0,OSWALSEEDS.NS
2023-06-30 00:00:00+05:30,60.0,61.666664123535156,59.90833282470703,60.81666564941406,137772,0.0,0.0,OSWALSEEDS.NS
2023-07-03 00:00:00+05:30,62.666664123535156,62.666664123535156,57.82500076293945,59.11666488647461,108366,0.0,0.0,OSWALSEEDS.NS
2023-07-04 00:00:00+05:30,60.33333206176758,60.758331298828125,58.34166717529297,58.5,40728,0.0,0.0,OSWALSEEDS.NS
2023-07-05 00:00:00+05:30,59.125,59.31666564941406,55.69166564941406,58.125,80358,0.0,0.0,OSWALSEEDS.NS
2023-07-06 00:00:00+05:30,58.33333206176758,59.61666488647461,58.33333206176758,58.56666564941406,191658,0.0,0.0,OSWALSEEDS.NS
2023-07-07 00:00:00+05:30,58.95000076293945,59.08333206176758,57.849998474121094,58.391666412353516,48834,0.0,0.0,OSWALSEEDS.NS
2023-07-10 00:00:00+05:30,58.33333206176758,58.733333587646484,56.34166717529297,58.09166717529297,62220,0.0,0.0,OSWALSEEDS.NS
2023-07-11 00:00:00+05:30,58.28333282470703,58.291664123535156,56.83333206176758,57.32500076293945,72024,0.0,0.0,OSWALSEEDS.NS
2023-07-12 00:00:00+05:30,57.5,57.70833206176758,54.18333435058594,56.008331298828125,97410,0.0,0.0,OSWALSEEDS.NS
2023-07-13 00:00:00+05:30,58.5,58.5,54.45833206176758,54.96666717529297,76596,0.0,0.0,OSWALSEEDS.NS
2023-07-14 00:00:00+05:30,55.150001525878906,57.0,53.483333587646484,56.233333587646484,146874,0.0,0.0,OSWALSEEDS.NS
2023-07-17 00:00:00+05:30,59.79999923706055,59.79999923706055,55.69166564941406,56.099998474121094,89568,0.0,0.0,OSWALSEEDS.NS
2023-07-18 00:00:00+05:30,56.666664123535156,56.916664123535156,55.891666412353516,56.358333587646484,48312,0.0,0.0,OSWALSEEDS.NS
2023-07-19 00:00:00+05:30,56.61666488647461,56.61666488647461,55.983333587646484,56.21666717529297,65784,0.0,0.0,OSWALSEEDS.NS
2023-07-20 00:00:00+05:30,58.983333587646484,58.983333587646484,55.0,56.0,65244,0.0,0.0,OSWALSEEDS.NS
2023-07-21 00:00:00+05:30,56.65833282470703,56.791664123535156,55.666664123535156,55.80833435058594,57318,0.0,0.0,OSWALSEEDS.NS
2023-07-24 00:00:00+05:30,55.83333206176758,56.775001525878906,55.0,55.099998474121094,77244,0.0,0.0,OSWALSEEDS.NS
2023-07-25 00:00:00+05:30,55.93333435058594,56.29999923706055,53.349998474121094,55.45000076293945,99150,0.0,0.0,OSWALSEEDS.NS
2023-07-26 00:00:00+05:30,56.55833435058594,56.55833435058594,54.09166717529297,54.79999923706055,53094,0.0,0.0,OSWALSEEDS.NS
2023-07-27 00:00:00+05:30,55.016666412353516,55.166664123535156,54.59166717529297,54.96666717529297,61866,0.0,0.0,OSWALSEEDS.NS
2023-07-28 00:00:00+05:30,55.125,56.508331298828125,54.69166564941406,56.349998474121094,75312,0.0,0.0,OSWALSEEDS.NS
2023-07-31 00:00:00+05:30,56.46666717529297,58.233333587646484,49.43333435058594,55.44166564941406,155352,0.0,0.0,OSWALSEEDS.NS
2023-08-01 00:00:00+05:30,55.45000076293945,55.849998474121094,54.383331298828125,55.42499923706055,69840,0.0,0.0,OSWALSEEDS.NS
2023-08-02 00:00:00+05:30,57.09166717529297,57.33333206176758,54.70833206176758,55.275001525878906,94146,0.0,0.0,OSWALSEEDS.NS
2023-08-03 00:00:00+05:30,55.61666488647461,55.65833282470703,52.82500076293945,53.69166564941406,74910,0.0,0.0,OSWALSEEDS.NS
2023-08-04 00:00:00+05:30,57.33333206176758,63.166664123535156,54.17499923706055,54.541664123535156,78084,0.0,0.0,OSWALSEEDS.NS
2023-08-07 00:00:00+05:30,55.19166564941406,55.33333206176758,51.28333282470703,53.95833206176758,78390,0.0,0.0,OSWALSEEDS.NS
2023-08-08 00:00:00+05:30,54.483333587646484,55.83333206176758,53.641666412353516,54.54999923706055,65676,0.0,0.0,OSWALSEEDS.NS
2023-08-09 00:00:00+05:30,55.34166717529297,55.53333282470703,54.166664123535156,54.349998474121094,79740,0.0,0.0,OSWALSEEDS.NS
2023-08-10 00:00:00+05:30,55.83333206176758,55.83333206176758,54.5,55.09166717529297,95988,0.0,0.0,OSWALSEEDS.NS
2023-08-11 00:00:00+05:30,56.33333206176758,56.33333206176758,54.166664123535156,55.05833435058594,70146,0.0,0.0,OSWALSEEDS.NS
2023-08-14 00:00:00+05:30,54.166664123535156,55.70833206176758,54.166664123535156,55.11666488647461,104556,0.0,0.0,OSWALSEEDS.NS
2023-08-16 00:00:00+05:30,55.99166488647461,58.45000076293945,55.08333206176758,57.858333587646484,182928,0.0,0.0,OSWALSEEDS.NS
2023-08-17 00:00:00+05:30,58.83333206176758,60.0,57.09166717529297,58.474998474121094,280008,0.0,0.0,OSWALSEEDS.NS
2023-08-18 00:00:00+05:30,62.041664123535156,62.041664123535156,56.5,56.95833206176758,328396,0.0,5.0,OSWALSEEDS.NS
2023-08-21 00:00:00+05:30,57.166664123535156,57.166664123535156,52.70833206176758,53.33333206176758,118515,0.0,0.0,OSWALSEEDS.NS
2023-08-22 00:00:00+05:30,53.416664123535156,56.625,53.25,56.041664123535156,99936,0.0,0.0,OSWALSEEDS.NS
2023-08-23 00:00:00+05:30,56.08333206176758,56.666664123535156,55.166664123535156,56.08333206176758,79220,0.0,0.0,OSWALSEEDS.NS
2023-08-24 00:00:00+05:30,56.666664123535156,56.666664123535156,47.0,51.541664123535156,330698,0.0,0.0,OSWALSEEDS.NS
2023-08-25 00:00:00+05:30,52.791664123535156,53.25,50.0,52.33333206176758,99145,0.0,0.0,OSWALSEEDS.NS
2023-08-28 00:00:00+05:30,52.416664123535156,54.041664123535156,50.95833206176758,52.25,119466,0.0,0.0,OSWALSEEDS.NS
2023-08-29 00:00:00+05:30,52.45833206176758,53.25,51.666664123535156,52.125,120130,0.0,0.0,OSWALSEEDS.NS
2023-08-30 00:00:00+05:30,53.125,56.166664123535156,51.166664123535156,51.541664123535156,271659,0.0,0.0,OSWALSEEDS.NS
2023-08-31 00:00:00+05:30,52.45833206176758,52.45833206176758,50.25,50.45833206176758,136603,0.0,0.0,OSWALSEEDS.NS
2023-09-01 00:00:00+05:30,50.75,50.83333206176758,48.75,49.58333206176758,128960,0.0,0.0,OSWALSEEDS.NS
2023-09-04 00:00:00+05:30,50.791664123535156,51.041664123535156,47.5,48.75,245593,0.0,0.0,OSWALSEEDS.NS
2023-09-05 00:00:00+05:30,49.95833206176758,49.95833206176758,47.25,48.5,263695,0.0,0.0,OSWALSEEDS.NS
2023-09-06 00:00:00+05:30,50.0,52.666664123535156,49.0,50.08333206176758,425552,0.0,0.0,OSWALSEEDS.NS
2023-09-07 00:00:00+05:30,50.791664123535156,51.25,49.041664123535156,49.666664123535156,155028,0.0,0.0,OSWALSEEDS.NS
2023-09-08 00:00:00+05:30,50.75,50.75,45.83333206176758,46.791664123535156,324211,0.0,0.0,OSWALSEEDS.NS
2023-09-11 00:00:00+05:30,48.666664123535156,48.666664123535156,46.416664123535156,47.166664123535156,178788,0.0,0.0,OSWALSEEDS.NS
2023-09-12 00:00:00+05:30,48.666664123535156,48.666664123535156,46.291664123535156,47.875,139993,0.0,0.0,OSWALSEEDS.NS
2023-09-13 00:00:00+05:30,48.20833206176758,52.166664123535156,47.875,50.166664123535156,526834,0.0,0.0,OSWALSEEDS.NS
2023-09-14 00:00:00+05:30,52.08333206176758,54.916664123535156,50.416664123535156,53.541664123535156,568984,0.0,0.0,OSWALSEEDS.NS
2023-09-15 00:00:00+05:30,54.58333206176758,56.541664123535156,52.58333206176758,55.125,496322,0.0,0.0,OSWALSEEDS.NS
2023-09-18 00:00:00+05:30,55.125,57.916664123535156,54.25,57.25,503514,0.0,0.0,OSWALSEEDS.NS
2023-09-20 00:00:00+05:30,57.5,58.0,55.666664123535156,57.541664123535156,283410,0.0,0.0,OSWALSEEDS.NS
2023-09-21 00:00:00+05:30,58.33333206176758,60.5,57.5,59.95833206176758,301861,0.0,0.0,OSWALSEEDS.NS
2023-09-22 00:00:00+05:30,61.166664123535156,61.166664123535156,58.416664123535156,59.041664123535156,256938,0.0,0.0,OSWALSEEDS.NS
2023-09-25 00:00:00+05:30,60.0,60.0,57.95833206176758,58.70833206176758,169158,0.0,0.0,OSWALSEEDS.NS
2023-09-26 00:00:00+05:30,59.166664123535156,59.58333206176758,58.291664123535156,58.875,155418,0.0,0.0,OSWALSEEDS.NS
2023-09-27 00:00:00+05:30,60.08333206176758,60.08333206176758,57.45833206176758,58.166664123535156,199016,0.0,0.0,OSWALSEEDS.NS
2023-09-28 00:00:00+05:30,59.33333206176758,60.0,56.875,59.416664123535156,182388,0.0,0.0,OSWALSEEDS.NS
2023-09-29 00:00:00+05:30,60.08333206176758,60.416664123535156,58.25,58.83333206176758,129944,0.0,0.0,OSWALSEEDS.NS
2023-10-03 00:00:00+05:30,57.20833206176758,60.33333206176758,57.20833206176758,57.916664123535156,96280,0.0,0.0,OSWALSEEDS.NS
2023-10-04 00:00:00+05:30,58.25,58.25,55.20833206176758,55.75,79767,0.0,0.0,OSWALSEEDS.NS
2023-10-05 00:00:00+05:30,56.875,58.916664123535156,54.791664123535156,58.125,157371,0.0,0.0,OSWALSEEDS.NS
2023-10-06 00:00:00+05:30,58.33333206176758,59.166664123535156,56.25,56.791664123535156,54778,0.0,0.0,OSWALSEEDS.NS
2023-10-09 00:00:00+05:30,56.666664123535156,58.25,53.70833206176758,55.70833206176758,110401,0.0,0.0,OSWALSEEDS.NS
2023-10-10 00:00:00+05:30,56.666664123535156,59.166664123535156,55.25,58.625,90006,0.0,0.0,OSWALSEEDS.NS
2023-10-11 00:00:00+05:30,59.58333206176758,59.58333206176758,57.041664123535156,59.125,139551,0.0,0.0,OSWALSEEDS.NS
2023-10-12 00:00:00+05:30,58.416664123535156,60.0,57.125,59.58333206176758,227664,0.0,0.0,OSWALSEEDS.NS
2023-10-13 00:00:00+05:30,60.0,60.83333206176758,58.791664123535156,60.166664123535156,276502,0.0,0.0,OSWALSEEDS.NS
2023-10-16 00:00:00+05:30,60.0,60.416664123535156,58.125,58.5,233882,0.0,0.0,OSWALSEEDS.NS
2023-10-17 00:00:00+05:30,59.58333206176758,59.58333206176758,56.666664123535156,57.45833206176758,168598,0.0,0.0,OSWALSEEDS.NS
2023-10-18 00:00:00+05:30,57.916664123535156,58.33333206176758,55.33333206176758,55.916664123535156,156676,0.0,0.0,OSWALSEEDS.NS
2023-10-19 00:00:00+05:30,57.08333206176758,57.08333206176758,55.0,55.95833206176758,40057,0.0,0.0,OSWALSEEDS.NS
2023-10-20 00:00:00+05:30,56.70833206176758,56.875,55.75,55.916664123535156,23317,0.0,0.0,OSWALSEEDS.NS
2023-10-23 00:00:00+05:30,55.25,56.791664123535156,53.166664123535156,53.875,66493,0.0,0.0,OSWALSEEDS.NS
2023-10-25 00:00:00+05:30,55.0,55.0,52.75,53.791664123535156,31711,0.0,0.0,OSWALSEEDS.NS
2023-10-26 00:00:00+05:30,51.5,55.0,50.625,52.625,30738,0.0,0.0,OSWALSEEDS.NS
2023-10-27 00:00:00+05:30,53.45833206176758,55.08333206176758,52.666664123535156,54.95833206176758,22455,0.0,0.0,OSWALSEEDS.NS
2023-10-30 00:00:00+05:30,54.95833206176758,55.08333206176758,53.875,54.5,25504,0.0,0.0,OSWALSEEDS.NS
2023-10-31 00:00:00+05:30,55.791664123535156,58.75,54.166664123535156,56.416664123535156,45986,0.0,0.0,OSWALSEEDS.NS
2023-11-01 00:00:00+05:30,58.33333206176758,58.33333206176758,54.0,55.541664123535156,40638,0.0,0.0,OSWALSEEDS.NS
2023-11-02 00:00:00+05:30,56.916664123535156,56.916664123535156,54.625,54.83333206176758,13676,0.0,0.0,OSWALSEEDS.NS
2023-11-03 00:00:00+05:30,56.75,56.75,54.20833206176758,54.666664123535156,13987,0.0,0.0,OSWALSEEDS.NS
2023-11-06 00:00:00+05:30,55.0,58.291664123535156,54.541664123535156,55.041664123535156,112114,0.0,0.0,OSWALSEEDS.NS
2023-11-07 00:00:00+05:30,57.541664123535156,57.541664123535156,54.45833206176758,54.791664123535156,30766,0.0,0.0,OSWALSEEDS.NS
2023-11-08 00:00:00+05:30,55.791664123535156,55.791664123535156,53.25,54.416664123535156,95156,0.0,0.0,OSWALSEEDS.NS
2023-11-09 00:00:00+05:30,55.0,58.75,53.0,56.25,276246,0.0,0.0,OSWALSEEDS.NS
2023-11-10 00:00:00+05:30,58.08333206176758,58.33333206176758,55.875,57.58333206176758,103495,0.0,0.0,OSWALSEEDS.NS
2023-11-13 00:00:00+05:30,58.33333206176758,58.33333206176758,55.375,55.70833206176758,26570,0.0,0.0,OSWALSEEDS.NS
2023-11-15 00:00:00+05:30,56.25,56.25,53.45833206176758,53.58333206176758,101493,0.0,0.0,OSWALSEEDS.NS
2023-11-16 00:00:00+05:30,54.166664123535156,54.25,52.375,53.041664123535156,102817,0.0,0.0,OSWALSEEDS.NS
2023-11-17 00:00:00+05:30,54.0,54.0,51.58333206176758,52.33333206176758,59617,0.0,0.0,OSWALSEEDS.NS
2023-11-20 00:00:00+05:30,52.5,53.125,51.666664123535156,51.95833206176758,25404,0.0,0.0,OSWALSEEDS.NS
2023-11-21 00:00:00+05:30,51.95833206176758,52.5,51.25,51.791664123535156,35865,0.0,0.0,OSWALSEEDS.NS
2023-11-22 00:00:00+05:30,51.791664123535156,52.166664123535156,50.125,51.75,64120,0.0,0.0,OSWALSEEDS.NS
2023-11-23 00:00:00+05:30,52.0,52.0,50.75,50.875,21769,0.0,0.0,OSWALSEEDS.NS
2023-11-24 00:00:00+05:30,50.875,54.58333206176758,49.916664123535156,52.791664123535156,145128,0.0,0.0,OSWALSEEDS.NS
2023-11-28 00:00:00+05:30,52.791664123535156,53.25,50.75,51.041664123535156,58614,0.0,0.0,OSWALSEEDS.NS
2023-11-29 00:00:00+05:30,52.416664123535156,52.416664123535156,50.666664123535156,50.791664123535156,31632,0.0,0.0,OSWALSEEDS.NS
2023-11-30 00:00:00+05:30,51.58333206176758,51.791664123535156,50.08333206176758,50.875,27859,0.0,0.0,OSWALSEEDS.NS
2023-12-01 00:00:00+05:30,52.791664123535156,52.791664123535156,50.83333206176758,51.5,23235,0.0,0.0,OSWALSEEDS.NS
2023-12-04 00:00:00+05:30,53.0,53.0,50.75,50.875,23580,0.0,0.0,OSWALSEEDS.NS
2023-12-05 00:00:00+05:30,51.625,51.625,50.125,50.541664123535156,30229,0.0,0.0,OSWALSEEDS.NS
2023-12-06 00:00:00+05:30,52.08333206176758,52.5,50.625,51.166664123535156,59962,0.0,0.0,OSWALSEEDS.NS
2023-12-07 00:00:00+05:30,51.875,51.875,50.666664123535156,51.125,32781,0.0,0.0,OSWALSEEDS.NS
2023-12-08 00:00:00+05:30,51.875,51.875,50.75,50.95833206176758,25497,0.0,0.0,OSWALSEEDS.NS
2023-12-11 00:00:00+05:30,52.5,53.20833206176758,51.625,52.041664123535156,51061,0.0,0.0,OSWALSEEDS.NS
2023-12-12 00:00:00+05:30,53.041664123535156,55.83333206176758,52.33333206176758,53.20833206176758,379692,0.0,0.0,OSWALSEEDS.NS
2023-12-13 00:00:00+05:30,53.70833206176758,54.0,53.125,53.33333206176758,56919,0.0,0.0,OSWALSEEDS.NS
2023-12-14 00:00:00+05:30,55.666664123535156,55.666664123535156,51.791664123535156,52.375,42405,0.0,0.0,OSWALSEEDS.NS
2023-12-15 00:00:00+05:30,53.33333206176758,53.33333206176758,51.75,52.20833206176758,29685,0.0,0.0,OSWALSEEDS.NS
2023-12-18 00:00:00+05:30,52.20833206176758,54.58333206176758,51.625,53.291664123535156,52998,0.0,0.0,OSWALSEEDS.NS
2023-12-19 00:00:00+05:30,52.625,52.666664123535156,49.166664123535156,51.125,108495,0.0,0.0,OSWALSEEDS.NS
2023-12-20 00:00:00+05:30,50.83333206176758,51.58333206176758,48.416664123535156,49.95833206176758,83533,0.0,0.0,OSWALSEEDS.NS
2023-12-21 00:00:00+05:30,50.83333206176758,50.83333206176758,50.0,50.791664123535156,32420,0.0,0.0,OSWALSEEDS.NS
2023-12-22 00:00:00+05:30,51.5,51.5,49.916664123535156,50.375,52011,0.0,0.0,OSWALSEEDS.NS
2023-12-26 00:00:00+05:30,51.166664123535156,51.166664123535156,49.666664123535156,49.875,59006,0.0,0.0,OSWALSEEDS.NS
2023-12-27 00:00:00+05:30,50.791664123535156,50.83333206176758,46.25,49.58333206176758,504194,0.0,0.0,OSWALSEEDS.NS
2023-12-28 00:00:00+05:30,50.83333206176758,50.83333206176758,48.33333206176758,49.125,44551,0.0,0.0,OSWALSEEDS.NS
2023-12-29 00:00:00+05:30,50.0,50.0,47.08333206176758,47.291664123535156,115330,0.0,0.0,OSWALSEEDS.NS
2024-01-01 00:00:00+05:30,47.70833206176758,48.33333206176758,47.166664123535156,47.291664123535156,76362,0.0,0.0,OSWALSEEDS.NS
2024-01-02 00:00:00+05:30,48.125,48.33333206176758,45.95833206176758,47.20833206176758,80805,0.0,0.0,OSWALSEEDS.NS
2024-01-03 00:00:00+05:30,47.5,47.75,46.666664123535156,46.95833206176758,52178,0.0,0.0,OSWALSEEDS.NS
2024-01-04 00:00:00+05:30,47.75,47.75,45.0,45.70833206176758,183985,0.0,0.0,OSWALSEEDS.NS
2024-01-05 00:00:00+05:30,46.291664123535156,49.625,46.25,48.45833206176758,366441,0.0,0.0,OSWALSEEDS.NS
2024-01-08 00:00:00+05:30,49.5,49.5,46.875,47.5,80325,0.0,0.0,OSWALSEEDS.NS
2024-01-09 00:00:00+05:30,48.33333206176758,48.33333206176758,46.416664123535156,46.625,220022,0.0,0.0,OSWALSEEDS.NS
2024-01-10 00:00:00+05:30,47.83333206176758,47.83333206176758,41.58333206176758,43.75,585914,0.0,0.0,OSWALSEEDS.NS
2024-01-11 00:00:00+05:30,44.916664123535156,45.291664123535156,41.45833206176758,42.70833206176758,505634,0.0,0.0,OSWALSEEDS.NS
2024-01-12 00:00:00+05:30,42.70833206176758,45.666664123535156,42.45833206176758,43.5,564760,0.0,0.0,OSWALSEEDS.NS
2024-01-15 00:00:00+05:30,43.5,43.5,43.5,43.5,0,0.0,0.0,OSWALSEEDS.NS
2024-01-16 00:00:00+05:30,43.75,43.75,41.416664123535156,42.916664123535156,461806,0.0,0.0,OSWALSEEDS.NS
2024-01-17 00:00:00+05:30,42.95833206176758,42.95833206176758,40.75,41.916664123535156,373095,0.0,0.0,OSWALSEEDS.NS
2024-01-18 00:00:00+05:30,42.416664123535156,42.5,39.25,40.791664123535156,627202,0.0,0.0,OSWALSEEDS.NS
2024-01-19 00:00:00+05:30,41.58333206176758,41.916664123535156,40.83333206176758,41.5,103380,0.0,0.0,OSWALSEEDS.NS
2024-01-23 00:00:00+05:30,44.08333206176758,44.125,41.75,42.166664123535156,165184,0.0,0.0,OSWALSEEDS.NS
2024-01-24 00:00:00+05:30,42.916664123535156,42.916664123535156,41.666664123535156,41.916664123535156,164437,0.0,0.0,OSWALSEEDS.NS
2024-01-25 00:00:00+05:30,42.5,44.58333206176758,41.625,42.95833206176758,214058,0.0,0.0,OSWALSEEDS.NS
2024-01-29 00:00:00+05:30,43.33333206176758,44.58333206176758,42.166664123535156,43.25,239931,0.0,0.0,OSWALSEEDS.NS
2024-01-30 00:00:00+05:30,43.75,45.83333206176758,42.33333206176758,45.375,423658,0.0,0.0,OSWALSEEDS.NS
2024-01-31 00:00:00+05:30,47.08333206176758,47.08333206176758,45.791664123535156,46.166664123535156,299725,0.0,0.0,OSWALSEEDS.NS
2024-02-01 00:00:00+05:30,47.125,47.5,45.5,46.75,542806,0.0,0.0,OSWALSEEDS.NS
2024-02-02 00:00:00+05:30,52.099998474121094,52.099998474121094,47.599998474121094,48.54999923706055,695537,0.0,1.2,OSWALSEEDS.NS
2024-02-05 00:00:00+05:30,48.54999923706055,48.54999923706055,46.5,46.95000076293945,157820,0.0,0.0,OSWALSEEDS.NS
2024-02-06 00:00:00+05:30,47.650001525878906,48.0,46.400001525878906,46.849998474121094,106217,0.0,0.0,OSWALSEEDS.NS
2024-02-07 00:00:00+05:30,47.79999923706055,47.79999923706055,45.79999923706055,46.5,82268,0.0,0.0,OSWALSEEDS.NS
2024-02-08 00:00:00+05:30,46.900001525878906,46.900001525878906,45.5,45.849998474121094,42067,0.0,0.0,OSWALSEEDS.NS
2024-02-09 00:00:00+05:30,46.0,46.0,44.5,45.04999923706055,88079,0.0,0.0,OSWALSEEDS.NS
2024-02-12 00:00:00+05:30,45.75,45.75,42.5,43.20000076293945,46570,0.0,0.0,OSWALSEEDS.NS
2024-02-13 00:00:00+05:30,44.0,44.29999923706055,42.04999923706055,43.900001525878906,120145,0.0,0.0,OSWALSEEDS.NS
2024-02-14 00:00:00+05:30,44.0,47.5,43.04999923706055,46.20000076293945,139069,0.0,0.0,OSWALSEEDS.NS
2024-02-15 00:00:00+05:30,46.20000076293945,46.45000076293945,44.54999923706055,46.25,73768,0.0,0.0,OSWALSEEDS.NS
2024-02-16 00:00:00+05:30,43.54999923706055,45.29999923706055,42.04999923706055,44.75,119558,0.0,0.0,OSWALSEEDS.NS
2024-02-19 00:00:00+05:30,44.099998474121094,44.70000076293945,43.400001525878906,43.599998474121094,85937,0.0,0.0,OSWALSEEDS.NS
2024-02-20 00:00:00+05:30,43.599998474121094,44.25,42.0,42.54999923706055,150878,0.0,0.0,OSWALSEEDS.NS
2024-02-21 00:00:00+05:30,43.099998474121094,43.95000076293945,40.0,42.0,514524,0.0,0.0,OSWALSEEDS.NS
2024-02-22 00:00:00+05:30,42.20000076293945,43.25,41.5,42.79999923706055,76147,0.0,0.0,OSWALSEEDS.NS
2024-02-23 00:00:00+05:30,43.70000076293945,43.70000076293945,40.650001525878906,41.150001525878906,117186,0.0,0.0,OSWALSEEDS.NS
2024-02-26 00:00:00+05:30,42.0,42.150001525878906,40.650001525878906,40.95000076293945,79233,0.0,0.0,OSWALSEEDS.NS
2024-02-27 00:00:00+05:30,41.95000076293945,41.95000076293945,39.79999923706055,40.349998474121094,125166,0.0,0.0,OSWALSEEDS.NS
2024-02-28 00:00:00+05:30,40.849998474121094,40.849998474121094,38.849998474121094,39.150001525878906,90361,0.0,0.0,OSWALSEEDS.NS
2024-02-29 00:00:00+05:30,40.5,43.79999923706055,38.70000076293945,42.20000076293945,1241732,0.0,0.0,OSWALSEEDS.NS
2024-03-01 00:00:00+05:30,43.0,43.0,39.95000076293945,40.349998474121094,360618,0.0,0.0,OSWALSEEDS.NS
2024-03-04 00:00:00+05:30,42.0,42.0,40.650001525878906,40.849998474121094,55359,0.0,0.0,OSWALSEEDS.NS
2024-03-05 00:00:00+05:30,41.0,41.0,38.75,39.25,119447,0.0,0.0,OSWALSEEDS.NS
2024-03-06 00:00:00+05:30,39.650001525878906,39.79999923706055,37.900001525878906,39.349998474121094,107756,0.0,0.0,OSWALSEEDS.NS
2024-03-07 00:00:00+05:30,39.5,39.900001525878906,38.0,38.5,134891,0.0,0.0,OSWALSEEDS.NS
2024-03-11 00:00:00+05:30,38.0,38.45000076293945,36.54999923706055,36.70000076293945,72822,0.0,0.0,OSWALSEEDS.NS
2024-03-12 00:00:00+05:30,37.349998474121094,38.5,34.0,36.95000076293945,290640,0.0,0.0,OSWALSEEDS.NS
2024-03-13 00:00:00+05:30,37.0,37.0,29.600000381469727,30.799999237060547,278902,0.0,0.0,OSWALSEEDS.NS
2024-03-14 00:00:00+05:30,30.799999237060547,36.95000076293945,30.700000762939453,36.25,256995,0.0,0.0,OSWALSEEDS.NS
2024-03-15 00:00:00+05:30,36.29999923706055,38.0,35.04999923706055,37.04999923706055,97430,0.0,0.0,OSWALSEEDS.NS
2024-03-18 00:00:00+05:30,35.650001525878906,38.45000076293945,35.650001525878906,37.849998474121094,64692,0.0,0.0,OSWALSEEDS.NS
2024-03-19 00:00:00+05:30,38.20000076293945,38.20000076293945,36.45000076293945,36.650001525878906,40052,0.0,0.0,OSWALSEEDS.NS
2024-03-20 00:00:00+05:30,36.650001525878906,37.70000076293945,35.95000076293945,36.099998474121094,34636,0.0,0.0,OSWALSEEDS.NS
2024-03-21 00:00:00+05:30,36.849998474121094,37.5,34.54999923706055,36.400001525878906,32822,0.0,0.0,OSWALSEEDS.NS
2024-03-22 00:00:00+05:30,36.5,36.95000076293945,34.95000076293945,35.400001525878906,82278,0.0,0.0,OSWALSEEDS.NS
2024-03-26 00:00:00+05:30,34.0,35.650001525878906,32.25,33.20000076293945,183165,0.0,0.0,OSWALSEEDS.NS
2024-03-27 00:00:00+05:30,34.099998474121094,34.650001525878906,26.75,30.700000762939453,525890,0.0,0.0,OSWALSEEDS.NS
2024-03-28 00:00:00+05:30,31.350000381469727,31.350000381469727,28.799999237060547,29.100000381469727,211238,0.0,0.0,OSWALSEEDS.NS
2024-04-01 00:00:00+05:30,30.0,31.0,29.5,30.0,131162,0.0,0.0,OSWALSEEDS.NS
2024-04-02 00:00:00+05:30,31.0,31.100000381469727,29.649999618530273,29.899999618530273,190182,0.0,0.0,OSWALSEEDS.NS
2024-04-03 00:00:00+05:30,30.899999618530273,30.899999618530273,29.5,29.799999237060547,325881,0.0,0.0,OSWALSEEDS.NS
2024-04-04 00:00:00+05:30,30.600000381469727,30.899999618530273,29.950000762939453,30.649999618530273,156845,0.0,0.0,OSWALSEEDS.NS
2024-04-05 00:00:00+05:30,30.200000762939453,36.75,30.200000762939453,36.650001525878906,1681866,0.0,0.0,OSWALSEEDS.NS
2024-04-08 00:00:00+05:30,37.20000076293945,37.75,33.599998474121094,36.79999923706055,1327392,0.0,0.0,OSWALSEEDS.NS
2024-04-09 00:00:00+05:30,37.650001525878906,39.400001525878906,37.20000076293945,38.849998474121094,371305,0.0,0.0,OSWALSEEDS.NS
2024-04-10 00:00:00+05:30,39.400001525878906,39.5,36.099998474121094,37.599998474121094,273507,0.0,0.0,OSWALSEEDS.NS
2024-04-12 00:00:00+05:30,36.0,37.5,35.79999923706055,35.95000076293945,113921,0.0,0.0,OSWALSEEDS.NS
2024-04-15 00:00:00+05:30,34.20000076293945,35.0,34.150001525878906,34.150001525878906,35723,0.0,0.0,OSWALSEEDS.NS
2024-04-16 00:00:00+05:30,32.45000076293945,32.45000076293945,32.45000076293945,32.45000076293945,98909,0.0,0.0,OSWALSEEDS.NS
2024-04-18 00:00:00+05:30,30.850000381469727,30.850000381469727,30.850000381469727,30.850000381469727,62769,0.0,0.0,OSWALSEEDS.NS
2024-04-19 00:00:00+05:30,29.299999237060547,29.299999237060547,29.299999237060547,29.299999237060547,77673,0.0,0.0,OSWALSEEDS.NS
2024-04-22 00:00:00+05:30,27.850000381469727,30.200000762939453,27.850000381469727,27.850000381469727,213016,0.0,0.0,OSWALSEEDS.NS
2024-04-23 00:00:00+05:30,27.0,29.200000762939453,26.549999237060547,29.200000762939453,201639,0.0,0.0,OSWALSEEDS.NS
2024-04-24 00:00:00+05:30,29.549999237060547,30.649999618530273,29.549999237060547,30.649999618530273,138030,0.0,0.0,OSWALSEEDS.NS
2024-04-25 00:00:00+05:30,31.5,32.0,30.649999618530273,31.899999618530273,101678,0.0,0.0,OSWALSEEDS.NS
2024-04-26 00:00:00+05:30,32.45000076293945,32.54999923706055,30.5,31.200000762939453,67666,0.0,0.0,OSWALSEEDS.NS
2024-04-29 00:00:00+05:30,31.799999237060547,31.799999237060547,30.600000381469727,30.899999618530273,59602,0.0,0.0,OSWALSEEDS.NS
2024-04-30 00:00:00+05:30,30.75,31.450000762939453,30.549999237060547,30.600000381469727,37828,0.0,0.0,OSWALSEEDS.NS
2024-05-02 00:00:00+05:30,31.0,31.5,29.950000762939453,31.049999237060547,52084,0.0,0.0,OSWALSEEDS.NS
2024-05-03 00:00:00+05:30,31.049999237060547,31.049999237060547,29.5,30.5,58156,0.0,0.0,OSWALSEEDS.NS
2024-05-06 00:00:00+05:30,30.399999618530273,30.700000762939453,29.0,29.0,58798,0.0,0.0,OSWALSEEDS.NS
2024-05-07 00:00:00+05:30,29.600000381469727,29.600000381469727,27.600000381469727,27.950000762939453,64035,0.0,0.0,OSWALSEEDS.NS
2024-05-08 00:00:00+05:30,28.0,29.299999237060547,28.0,28.299999237060547,49962,0.0,0.0,OSWALSEEDS.NS
2024-05-09 00:00:00+05:30,28.299999237060547,29.200000762939453,27.850000381469727,28.149999618530273,24899,0.0,0.0,OSWALSEEDS.NS
2024-05-10 00:00:00+05:30,29.399999618530273,29.399999618530273,27.5,28.75,10641,0.0,0.0,OSWALSEEDS.NS
2024-05-13 00:00:00+05:30,28.799999237060547,29.200000762939453,28.100000381469727,28.149999618530273,14255,0.0,0.0,OSWALSEEDS.NS
2024-05-14 00:00:00+05:30,28.899999618530273,28.899999618530273,27.5,28.5,20938,0.0,0.0,OSWALSEEDS.NS
2024-05-15 00:00:00+05:30,28.5,28.950000762939453,28.0,28.350000381469727,21736,0.0,0.0,OSWALSEEDS.NS
2024-05-16 00:00:00+05:30,28.350000381469727,29.0,28.049999237060547,28.399999618530273,10574,0.0,0.0,OSWALSEEDS.NS
2024-05-17 00:00:00+05:30,27.799999237060547,29.0,27.799999237060547,28.350000381469727,34397,0.0,0.0,OSWALSEEDS.NS
2024-05-21 00:00:00+05:30,28.850000381469727,28.850000381469727,27.399999618530273,28.149999618530273,79977,0.0,0.0,OSWALSEEDS.NS
2024-05-22 00:00:00+05:30,27.799999237060547,28.100000381469727,27.5,27.850000381469727,26400,0.0,0.0,OSWALSEEDS.NS
2024-05-23 00:00:00+05:30,27.799999237060547,28.0,27.5,27.649999618530273,39567,0.0,0.0,OSWALSEEDS.NS
2024-05-24 00:00:00+05:30,27.600000381469727,28.25,27.0,27.450000762939453,37018,0.0,0.0,OSWALSEEDS.NS
2024-05-27 00:00:00+05:30,28.0,28.100000381469727,27.0,27.649999618530273,26310,0.0,0.0,OSWALSEEDS.NS
2024-05-28 00:00:00+05:30,28.200000762939453,28.200000762939453,27.0,27.149999618530273,24167,0.0,0.0,OSWALSEEDS.NS
2024-05-29 00:00:00+05:30,27.149999618530273,27.600000381469727,26.0,27.100000381469727,32328,0.0,0.0,OSWALSEEDS.NS
2024-05-30 00:00:00+05:30,27.0,27.0,26.0,26.25,39293,0.0,0.0,OSWALSEEDS.NS
2024-05-31 00:00:00+05:30,26.0,26.700000762939453,24.950000762939453,25.600000381469727,68615,0.0,0.0,OSWALSEEDS.NS
2024-06-03 00:00:00+05:30,25.600000381469727,26.75,24.350000381469727,25.100000381469727,68937,0.0,0.0,OSWALSEEDS.NS
2024-06-04 00:00:00+05:30,25.0,25.0,23.850000381469727,24.399999618530273,38951,0.0,0.0,OSWALSEEDS.NS
2024-06-05 00:00:00+05:30,24.899999618530273,24.950000762939453,23.25,23.950000762939453,35004,0.0,0.0,OSWALSEEDS.NS
2024-06-06 00:00:00+05:30,23.950000762939453,25.100000381469727,23.5,24.950000762939453,37349,0.0,0.0,OSWALSEEDS.NS
2024-06-07 00:00:00+05:30,24.950000762939453,25.950000762939453,24.299999237060547,25.899999618530273,22059,0.0,0.0,OSWALSEEDS.NS
2024-06-10 00:00:00+05:30,26.450000762939453,26.450000762939453,25.049999237060547,26.360000610351562,32518,0.0,0.0,OSWALSEEDS.NS
2024-06-11 00:00:00+05:30,26.559999465942383,26.559999465942383,26.0,26.360000610351562,29203,0.0,0.0,OSWALSEEDS.NS
2024-06-12 00:00:00+05:30,26.799999237060547,26.799999237060547,25.899999618530273,26.459999084472656,31849,0.0,0.0,OSWALSEEDS.NS
2024-06-13 00:00:00+05:30,26.790000915527344,26.790000915527344,26.260000228881836,26.709999084472656,26513,0.0,0.0,OSWALSEEDS.NS
2024-06-14 00:00:00+05:30,26.989999771118164,27.0,25.450000762939453,26.8700008392334,52010,0.0,0.0,OSWALSEEDS.NS
2024-06-18 00:00:00+05:30,26.889999389648438,27.09000015258789,25.700000762939453,26.700000762939453,34274,0.0,0.0,OSWALSEEDS.NS
2024-06-19 00:00:00+05:30,26.899999618530273,26.899999618530273,25.920000076293945,26.440000534057617,35875,0.0,0.0,OSWALSEEDS.NS
2024-06-20 00:00:00+05:30,26.3799991607666,26.489999771118164,25.75,25.940000534057617,84615,0.0,0.0,OSWALSEEDS.NS
2024-06-21 00:00:00+05:30,26.360000610351562,27.229999542236328,25.950000762939453,27.100000381469727,155636,0.0,0.0,OSWALSEEDS.NS
2024-06-24 00:00:00+05:30,27.100000381469727,28.420000076293945,26.0,28.110000610351562,203843,0.0,0.0,OSWALSEEDS.NS
2024-06-25 00:00:00+05:30,28.420000076293945,28.979999542236328,27.649999618530273,28.360000610351562,194164,0.0,0.0,OSWALSEEDS.NS
2024-06-26 00:00:00+05:30,28.360000610351562,28.850000381469727,27.600000381469727,27.989999771118164,194747,0.0,0.0,OSWALSEEDS.NS
2024-06-27 00:00:00+05:30,28.25,28.489999771118164,27.100000381469727,27.56999969482422,22993,0.0,0.0,OSWALSEEDS.NS
2024-06-28 00:00:00+05:30,28.100000381469727,28.100000381469727,26.760000228881836,27.040000915527344,31685,0.0,0.0,OSWALSEEDS.NS
2024-07-01 00:00:00+05:30,27.799999237060547,27.799999237060547,26.0,26.459999084472656,33751,0.0,0.0,OSWALSEEDS.NS
2024-07-02 00:00:00+05:30,26.950000762939453,27.5,26.200000762939453,26.969999313354492,29936,0.0,0.0,OSWALSEEDS.NS
2024-07-03 00:00:00+05:30,27.299999237060547,27.5,26.100000381469727,27.450000762939453,47158,0.0,0.0,OSWALSEEDS.NS
2024-07-04 00:00:00+05:30,26.899999618530273,28.139999389648438,26.700000762939453,27.09000015258789,22636,0.0,0.0,OSWALSEEDS.NS
2024-07-05 00:00:00+05:30,27.09000015258789,27.700000762939453,25.899999618530273,26.489999771118164,75904,0.0,0.0,OSWALSEEDS.NS
2024-07-08 00:00:00+05:30,26.479999542236328,27.0,26.420000076293945,26.610000610351562,40928,0.0,0.0,OSWALSEEDS.NS
2024-07-09 00:00:00+05:30,26.5,26.950000762939453,25.270000457763672,26.020000457763672,93367,0.0,0.0,OSWALSEEDS.NS
2024-07-10 00:00:00+05:30,26.190000534057617,26.360000610351562,25.270000457763672,25.81999969482422,24719,0.0,0.0,OSWALSEEDS.NS
2024-07-11 00:00:00+05:30,26.0,26.479999542236328,25.270000457763672,26.260000228881836,57212,0.0,0.0,OSWALSEEDS.NS
2024-07-12 00:00:00+05:30,26.260000228881836,26.5,25.270000457763672,25.799999237060547,51512,0.0,0.0,OSWALSEEDS.NS
2024-07-15 00:00:00+05:30,27.399999618530273,27.5,26.0,26.06999969482422,129524,0.0,0.0,OSWALSEEDS.NS
2024-07-16 00:00:00+05:30,26.06999969482422,26.549999237060547,25.809999465942383,26.219999313354492,35507,0.0,0.0,OSWALSEEDS.NS
2024-07-18 00:00:00+05:30,26.579999923706055,26.579999923706055,25.110000610351562,25.420000076293945,64396,0.0,0.0,OSWALSEEDS.NS
2024-07-19 00:00:00+05:30,25.110000610351562,25.979999542236328,24.75,25.229999542236328,30184,0.0,0.0,OSWALSEEDS.NS
2024-07-22 00:00:00+05:30,24.200000762939453,25.399999618530273,24.200000762939453,24.8700008392334,31719,0.0,0.0,OSWALSEEDS.NS
2024-07-23 00:00:00+05:30,24.899999618530273,29.5,23.649999618530273,24.190000534057617,779613,0.0,0.0,OSWALSEEDS.NS
2024-07-24 00:00:00+05:30,24.889999389648438,25.5,24.549999237060547,25.309999465942383,91413,0.0,0.0,OSWALSEEDS.NS
2024-07-25 00:00:00+05:30,25.81999969482422,27.799999237060547,24.81999969482422,25.979999542236328,463901,0.0,0.0,OSWALSEEDS.NS
2024-07-26 00:00:00+05:30,26.25,29.700000762939453,25.600000381469727,27.809999465942383,1137423,0.0,0.0,OSWALSEEDS.NS
2024-07-29 00:00:00+05:30,29.0,29.06999969482422,27.09000015258789,27.40999984741211,189934,0.0,0.0,OSWALSEEDS.NS
2024-07-30 00:00:00+05:30,27.799999237060547,27.799999237060547,26.75,27.270000457763672,148419,0.0,0.0,OSWALSEEDS.NS
2024-07-31 00:00:00+05:30,27.700000762939453,27.700000762939453,26.450000762939453,26.56999969482422,144023,0.0,0.0,OSWALSEEDS.NS
2024-08-01 00:00:00+05:30,26.68000030517578,27.149999618530273,26.209999084472656,26.649999618530273,135466,0.0,0.0,OSWALSEEDS.NS
2024-08-02 00:00:00+05:30,26.110000610351562,27.100000381469727,26.040000915527344,26.549999237060547,49207,0.0,0.0,OSWALSEEDS.NS
2024-08-05 00:00:00+05:30,25.450000762939453,26.43000030517578,25.450000762939453,25.950000762939453,86884,0.0,0.0,OSWALSEEDS.NS
2024-08-06 00:00:00+05:30,26.399999618530273,26.399999618530273,25.59000015258789,25.989999771118164,60852,0.0,0.0,OSWALSEEDS.NS
2024-08-07 00:00:00+05:30,26.56999969482422,26.639999389648438,25.950000762939453,26.350000381469727,33175,0.0,0.0,OSWALSEEDS.NS
2024-08-08 00:00:00+05:30,26.0,27.299999237060547,26.0,26.81999969482422,100531,0.0,0.0,OSWALSEEDS.NS
2024-08-09 00:00:00+05:30,27.0,27.399999618530273,26.5,26.690000534057617,51242,0.0,0.0,OSWALSEEDS.NS
2024-08-12 00:00:00+05:30,26.690000534057617,26.690000534057617,25.309999465942383,25.940000534057617,66577,0.0,0.0,OSWALSEEDS.NS
2024-08-13 00:00:00+05:30,25.940000534057617,26.440000534057617,25.399999618530273,25.729999542236328,67527,0.0,0.0,OSWALSEEDS.NS
2024-08-14 00:00:00+05:30,26.600000381469727,26.600000381469727,25.010000228881836,25.350000381469727,41037,0.0,0.0,OSWALSEEDS.NS
2024-08-16 00:00:00+05:30,25.479999542236328,26.40999984741211,25.25,25.420000076293945,33802,0.0,0.0,OSWALSEEDS.NS
2024-08-19 00:00:00+05:30,25.399999618530273,25.979999542236328,25.25,25.3700008392334,29104,0.0,0.0,OSWALSEEDS.NS
2024-08-20 00:00:00+05:30,25.899999618530273,25.979999542236328,25.149999618530273,25.329999923706055,50492,0.0,0.0,OSWALSEEDS.NS
2024-08-21 00:00:00+05:30,25.149999618530273,30.389999389648438,25.149999618530273,30.389999389648438,5101269,0.0,0.0,OSWALSEEDS.NS
2024-08-22 00:00:00+05:30,30.200000762939453,35.599998474121094,28.709999084472656,34.75,7324783,0.0,0.0,OSWALSEEDS.NS
2024-08-23 00:00:00+05:30,35.5099983215332,40.58000183105469,34.900001525878906,38.06999969482422,10560900,0.0,0.0,OSWALSEEDS.NS
2024-08-26 00:00:00+05:30,38.20000076293945,40.79999923706055,34.2599983215332,35.709999084472656,5898293,0.0,0.0,OSWALSEEDS.NS
2024-08-27 00:00:00+05:30,36.400001525878906,38.58000183105469,32.130001068115234,33.810001373291016,5942816,0.0,0.0,OSWALSEEDS.NS
2024-08-28 00:00:00+05:30,34.900001525878906,35.900001525878906,30.799999237060547,33.97999954223633,4925372,0.0,0.0,OSWALSEEDS.NS
2024-08-29 00:00:00+05:30,35.099998474121094,36.0,33.75,35.11000061035156,4205262,0.0,0.0,OSWALSEEDS.NS
2024-08-30 00:00:00+05:30,36.5,37.75,35.25,36.560001373291016,5388639,0.0,0.0,OSWALSEEDS.NS
2024-09-02 00:00:00+05:30,36.599998474121094,37.939998626708984,33.04999923706055,34.099998474121094,6117899,0.0,0.0,OSWALSEEDS.NS
2024-09-03 00:00:00+05:30,34.5,35.4900016784668,32.5,33.119998931884766,3976849,0.0,0.0,OSWALSEEDS.NS
2024-09-04 00:00:00+05:30,33.70000076293945,34.54999923706055,32.0,33.04999923706055,3145454,0.0,0.0,OSWALSEEDS.NS
2024-09-05 00:00:00+05:30,33.5,34.150001525878906,32.099998474121094,32.7400016784668,515665,0.0,0.0,OSWALSEEDS.NS
2024-09-06 00:00:00+05:30,32.7400016784668,33.5,31.100000381469727,31.459999084472656,860773,0.0,0.0,OSWALSEEDS.NS
2024-09-09 00:00:00+05:30,30.1200008392334,30.700000762939453,29.8799991607666,29.8799991607666,209433,0.0,0.0,OSWALSEEDS.NS
2024-09-10 00:00:00+05:30,28.3799991607666,28.3799991607666,28.3799991607666,28.3799991607666,150770,0.0,0.0,OSWALSEEDS.NS
2024-09-11 00:00:00+05:30,26.989999771118164,27.25,26.959999084472656,26.959999084472656,238969,0.0,0.0,OSWALSEEDS.NS
2024-09-12 00:00:00+05:30,25.610000610351562,26.420000076293945,25.610000610351562,25.610000610351562,248628,0.0,0.0,OSWALSEEDS.NS
2024-09-13 00:00:00+05:30,24.540000915527344,26.889999389648438,24.31999969482422,26.889999389648438,688134,0.0,0.0,OSWALSEEDS.NS
2024-09-16 00:00:00+05:30,28.0,28.229999542236328,28.0,28.229999542236328,159398,0.0,0.0,OSWALSEEDS.NS
2024-09-17 00:00:00+05:30,29.25,29.639999389648438,28.5,29.639999389648438,510319,0.0,0.0,OSWALSEEDS.NS
2024-09-18 00:00:00+05:30,29.5,30.0,28.5,28.809999465942383,271821,0.0,0.0,OSWALSEEDS.NS
2024-09-19 00:00:00+05:30,28.700000762939453,30.0,27.5,27.979999542236328,198821,0.0,0.0,OSWALSEEDS.NS
2024-09-20 00:00:00+05:30,28.350000381469727,28.75,27.0,27.329999923706055,117701,0.0,0.0,OSWALSEEDS.NS
2024-09-23 00:00:00+05:30,27.0,27.989999771118164,26.049999237060547,26.68000030517578,170245,0.0,0.0,OSWALSEEDS.NS
2024-09-24 00:00:00+05:30,26.68000030517578,27.450000762939453,25.780000686645508,26.190000534057617,116987,0.0,0.0,OSWALSEEDS.NS
2024-09-25 00:00:00+05:30,26.190000534057617,26.8799991607666,25.25,26.020000457763672,112043,0.0,0.0,OSWALSEEDS.NS
2024-09-26 00:00:00+05:30,26.049999237060547,26.18000030517578,24.799999237060547,25.719999313354492,132258,0.0,0.0,OSWALSEEDS.NS
2024-09-27 00:00:00+05:30,26.0,26.600000381469727,24.899999618530273,24.989999771118164,284047,0.0,0.0,OSWALSEEDS.NS
2024-09-30 00:00:00+05:30,25.200000762939453,25.399999618530273,24.010000228881836,24.700000762939453,163526,0.0,0.0,OSWALSEEDS.NS
2024-10-01 00:00:00+05:30,24.520000457763672,25.93000030517578,24.510000228881836,25.93000030517578,167987,0.0,0.0,OSWALSEEDS.NS
2024-10-03 00:00:00+05:30,26.799999237060547,26.799999237060547,24.700000762939453,25.790000915527344,163933,0.0,0.0,OSWALSEEDS.NS
2024-10-04 00:00:00+05:30,25.549999237060547,26.100000381469727,25.030000686645508,25.18000030517578,91485,0.0,0.0,OSWALSEEDS.NS
2024-10-07 00:00:00+05:30,25.510000228881836,25.540000915527344,23.950000762939453,24.110000610351562,160837,0.0,0.0,OSWALSEEDS.NS
2024-10-08 00:00:00+05:30,23.0,25.0,23.0,24.8700008392334,113001,0.0,0.0,OSWALSEEDS.NS
2024-10-09 00:00:00+05:30,25.479999542236328,25.540000915527344,24.649999618530273,25.100000381469727,84049,0.0,0.0,OSWALSEEDS.NS
2024-10-10 00:00:00+05:30,24.799999237060547,26.350000381469727,23.84000015258789,25.579999923706055,612310,0.0,0.0,OSWALSEEDS.NS
2024-10-11 00:00:00+05:30,25.899999618530273,26.389999389648438,24.799999237060547,24.889999389648438,170027,0.0,0.0,OSWALSEEDS.NS
2024-10-14 00:00:00+05:30,25.549999237060547,25.549999237060547,24.610000610351562,25.15999984741211,185258,0.0,0.0,OSWALSEEDS.NS
2024-10-15 00:00:00+05:30,25.600000381469727,25.600000381469727,24.670000076293945,24.850000381469727,61944,0.0,0.0,OSWALSEEDS.NS
2024-10-16 00:00:00+05:30,25.149999618530273,25.149999618530273,24.610000610351562,24.649999618530273,58953,0.0,0.0,OSWALSEEDS.NS
2024-10-17 00:00:00+05:30,24.65999984741211,25.219999313354492,24.0,24.729999542236328,76218,0.0,0.0,OSWALSEEDS.NS
2024-10-18 00:00:00+05:30,25.0,25.0,24.010000228881836,24.06999969482422,97945,0.0,0.0,OSWALSEEDS.NS
2024-10-21 00:00:00+05:30,24.100000381469727,24.479999542236328,23.049999237060547,23.239999771118164,126057,0.0,0.0,OSWALSEEDS.NS
2024-10-22 00:00:00+05:30,23.469999313354492,24.149999618530273,22.06999969482422,23.3799991607666,254008,0.0,0.0,OSWALSEEDS.NS
2024-10-23 00:00:00+05:30,24.0,24.3700008392334,22.600000381469727,23.0,202722,0.0,0.0,OSWALSEEDS.NS
2024-10-24 00:00:00+05:30,22.90999984741211,23.81999969482422,22.5,22.6299991607666,93195,0.0,0.0,OSWALSEEDS.NS
2024-10-25 00:00:00+05:30,22.6200008392334,23.139999389648438,21.510000228881836,22.079999923706055,80442,0.0,0.0,OSWALSEEDS.NS
2024-10-28 00:00:00+05:30,22.079999923706055,23.18000030517578,21.549999237060547,23.110000610351562,71553,0.0,0.0,OSWALSEEDS.NS
2024-10-29 00:00:00+05:30,23.989999771118164,23.989999771118164,22.399999618530273,22.920000076293945,38630,0.0,0.0,OSWALSEEDS.NS
2024-10-30 00:00:00+05:30,22.920000076293945,23.5,21.799999237060547,23.1200008392334,62016,0.0,0.0,OSWALSEEDS.NS
2024-10-31 00:00:00+05:30,23.5,23.5,22.510000228881836,22.8700008392334,30155,0.0,0.0,OSWALSEEDS.NS
2024-11-01 00:00:00+05:30,23.959999084472656,24.010000228881836,23.549999237060547,23.920000076293945,110959,0.0,0.0,OSWALSEEDS.NS
2024-11-04 00:00:00+05:30,24.190000534057617,24.489999771118164,23.010000228881836,23.899999618530273,77583,0.0,0.0,OSWALSEEDS.NS
2024-11-05 00:00:00+05:30,23.5,24.0,23.299999237060547,23.709999084472656,38023,0.0,0.0,OSWALSEEDS.NS
2024-11-06 00:00:00+05:30,23.709999084472656,24.049999237060547,23.25,23.59000015258789,52532,0.0,0.0,OSWALSEEDS.NS
2024-11-07 00:00:00+05:30,23.75,23.899999618530273,23.1200008392334,23.540000915527344,42112,0.0,0.0,OSWALSEEDS.NS
2024-11-08 00:00:00+05:30,23.31999969482422,23.899999618530273,23.030000686645508,23.18000030517578,48374,0.0,0.0,OSWALSEEDS.NS
2024-11-11 00:00:00+05:30,22.229999542236328,23.690000534057617,22.229999542236328,22.65999984741211,51648,0.0,0.0,OSWALSEEDS.NS
2024-11-12 00:00:00+05:30,22.65999984741211,23.0,22.020000457763672,22.3799991607666,32863,0.0,0.0,OSWALSEEDS.NS
2024-11-13 00:00:00+05:30,22.690000534057617,22.690000534057617,21.299999237060547,21.700000762939453,79259,0.0,0.0,OSWALSEEDS.NS
2024-11-14 00:00:00+05:30,22.329999923706055,22.329999923706055,21.450000762939453,21.989999771118164,24995,0.0,0.0,OSWALSEEDS.NS
2024-11-18 00:00:00+05:30,21.549999237060547,22.239999771118164,20.889999389648438,20.920000076293945,107918,0.0,0.0,OSWALSEEDS.NS
2024-11-19 00:00:00+05:30,20.049999237060547,21.799999237060547,20.049999237060547,20.950000762939453,43719,0.0,0.0,OSWALSEEDS.NS
2024-11-21 00:00:00+05:30,21.0,21.0,19.950000762939453,20.229999542236328,64671,0.0,0.0,OSWALSEEDS.NS
2024-11-22 00:00:00+05:30,19.899999618530273,20.799999237060547,19.299999237060547,19.719999313354492,60523,0.0,0.0,OSWALSEEDS.NS
2024-11-25 00:00:00+05:30,20.5,20.5,19.350000381469727,19.950000762939453,42662,0.0,0.0,OSWALSEEDS.NS
2024-11-26 00:00:00+05:30,19.510000228881836,19.950000762939453,19.5,19.81999969482422,58150,0.0,0.0,OSWALSEEDS.NS
2024-11-27 00:00:00+05:30,19.899999618530273,20.809999465942383,19.100000381469727,20.809999465942383,60347,0.0,0.0,OSWALSEEDS.NS
2024-11-28 00:00:00+05:30,21.799999237060547,21.799999237060547,21.0,21.3700008392334,48350,0.0,0.0,OSWALSEEDS.NS
2024-11-29 00:00:00+05:30,21.100000381469727,21.899999618530273,21.0,21.549999237060547,29051,0.0,0.0,OSWALSEEDS.NS
2024-12-02 00:00:00+05:30,21.979999542236328,21.979999542236328,21.0,21.610000610351562,29217,0.0,0.0,OSWALSEEDS.NS
2024-12-03 00:00:00+05:30,21.610000610351562,21.6299991607666,21.149999618530273,21.309999465942383,56161,0.0,0.0,OSWALSEEDS.NS
2024-12-04 00:00:00+05:30,21.309999465942383,22.200000762939453,21.010000228881836,21.899999618530273,45442,0.0,0.0,OSWALSEEDS.NS
2024-12-05 00:00:00+05:30,21.440000534057617,22.200000762939453,21.440000534057617,21.739999771118164,49908,0.0,0.0,OSWALSEEDS.NS
2024-12-06 00:00:00+05:30,22.049999237060547,22.5,21.0,21.920000076293945,81499,0.0,0.0,OSWALSEEDS.NS
2024-12-09 00:00:00+05:30,21.75,22.75,20.8799991607666,22.020000457763672,56013,0.0,0.0,OSWALSEEDS.NS
2024-12-10 00:00:00+05:30,21.899999618530273,22.18000030517578,21.799999237060547,21.829999923706055,35225,0.0,0.0,OSWALSEEDS.NS
2024-12-11 00:00:00+05:30,21.950000762939453,21.950000762939453,21.399999618530273,21.5,84182,0.0,0.0,OSWALSEEDS.NS
2024-12-12 00:00:00+05:30,21.989999771118164,21.989999771118164,21.06999969482422,21.389999389648438,34527,0.0,0.0,OSWALSEEDS.NS
2024-12-13 00:00:00+05:30,21.81999969482422,21.81999969482422,21.010000228881836,21.290000915527344,41640,0.0,0.0,OSWALSEEDS.NS
2024-12-16 00:00:00+05:30,21.719999313354492,21.989999771118164,20.899999618530273,21.079999923706055,67023,0.0,0.0,OSWALSEEDS.NS
2024-12-17 00:00:00+05:30,21.010000228881836,21.200000762939453,20.06999969482422,20.850000381469727,48820,0.0,0.0,OSWALSEEDS.NS
2024-12-18 00:00:00+05:30,20.600000381469727,21.149999618530273,20.309999465942383,20.959999084472656,32036,0.0,0.0,OSWALSEEDS.NS
2024-12-19 00:00:00+05:30,20.799999237060547,21.200000762939453,19.90999984741211,20.68000030517578,50803,0.0,0.0,OSWALSEEDS.NS
2024-12-20 00:00:00+05:30,20.229999542236328,20.950000762939453,20.0,20.399999618530273,50851,0.0,0.0,OSWALSEEDS.NS
2024-12-23 00:00:00+05:30,20.0,20.84000015258789,19.899999618530273,20.260000228881836,49238,0.0,0.0,OSWALSEEDS.NS
2024-12-24 00:00:00+05:30,20.3700008392334,20.3700008392334,19.850000381469727,20.18000030517578,48667,0.0,0.0,OSWALSEEDS.NS
2024-12-26 00:00:00+05:30,20.93000030517578,20.93000030517578,20.0,20.25,23635,0.0,0.0,OSWALSEEDS.NS
2024-12-27 00:00:00+05:30,20.25,20.6200008392334,20.0,20.079999923706055,36034,0.0,0.0,OSWALSEEDS.NS
2024-12-30 00:00:00+05:30,19.700000762939453,20.299999237060547,19.5,19.829999923706055,34124,0.0,0.0,OSWALSEEDS.NS
2024-12-31 00:00:00+05:30,19.700000762939453,20.18000030517578,19.049999237060547,19.399999618530273,55134,0.0,0.0,OSWALSEEDS.NS
2025-01-01 00:00:00+05:30,19.969999313354492,19.969999313354492,19.5,19.84000015258789,27460,0.0,0.0,OSWALSEEDS.NS
2025-01-02 00:00:00+05:30,20.100000381469727,20.239999771118164,19.540000915527344,20.06999969482422,31483,0.0,0.0,OSWALSEEDS.NS
2025-01-03 00:00:00+05:30,20.06999969482422,20.06999969482422,19.110000610351562,19.940000534057617,44274,0.0,0.0,OSWALSEEDS.NS
2025-01-06 00:00:00+05:30,19.899999618530273,19.899999618530273,19.0,19.110000610351562,76554,0.0,0.0,OSWALSEEDS.NS
2025-01-07 00:00:00+05:30,19.0,19.649999618530273,18.6200008392334,19.049999237060547,39952,0.0,0.0,OSWALSEEDS.NS
2025-01-08 00:00:00+05:30,19.239999771118164,19.530000686645508,18.700000762939453,18.8700008392334,36857,0.0,0.0,OSWALSEEDS.NS
2025-01-09 00:00:00+05:30,18.950000762939453,19.190000534057617,17.950000762939453,18.40999984741211,34131,0.0,0.0,OSWALSEEDS.NS
2025-01-10 00:00:00+05:30,18.40999984741211,18.770000457763672,17.520000457763672,17.90999984741211,36860,0.0,0.0,OSWALSEEDS.NS
2025-01-13 00:00:00+05:30,17.75,18.18000030517578,17.010000228881836,17.3799991607666,49276,0.0,0.0,OSWALSEEDS.NS
2025-01-14 00:00:00+05:30,17.049999237060547,17.350000381469727,16.75,17.209999084472656,42597,0.0,0.0,OSWALSEEDS.NS
2025-01-15 00:00:00+05:30,18.06999969482422,18.06999969482422,17.5,17.639999389648438,34458,0.0,0.0,OSWALSEEDS.NS
2025-01-16 00:00:00+05:30,18.0,18.25,17.639999389648438,18.149999618530273,27767,0.0,0.0,OSWALSEEDS.NS
2025-01-17 00:00:00+05:30,18.18000030517578,18.290000915527344,17.700000762939453,17.81999969482422,36995,0.0,0.0,OSWALSEEDS.NS
2025-01-20 00:00:00+05:30,18.709999084472656,18.709999084472656,18.049999237060547,18.709999084472656,44903,0.0,0.0,OSWALSEEDS.NS
2025-01-21 00:00:00+05:30,19.399999618530273,19.639999389648438,18.510000228881836,19.1200008392334,40939,0.0,0.0,OSWALSEEDS.NS
2025-01-22 00:00:00+05:30,19.149999618530273,19.149999618530273,18.360000610351562,18.479999542236328,16762,0.0,0.0,OSWALSEEDS.NS
2025-01-23 00:00:00+05:30,18.700000762939453,19.110000610351562,18.399999618530273,18.59000015258789,9434,0.0,0.0,OSWALSEEDS.NS
2025-01-24 00:00:00+05:30,19.0,19.0,18.049999237060547,18.209999084472656,14556,0.0,0.0,OSWALSEEDS.NS
2025-01-27 00:00:00+05:30,18.989999771118164,18.989999771118164,17.299999237060547,17.559999465942383,27888,0.0,0.0,OSWALSEEDS.NS
2025-01-28 00:00:00+05:30,18.3700008392334,18.3700008392334,16.739999771118164,17.200000762939453,21334,0.0,0.0,OSWALSEEDS.NS
2025-01-29 00:00:00+05:30,18.0,18.0,17.040000915527344,17.440000534057617,18498,0.0,0.0,OSWALSEEDS.NS
2025-01-30 00:00:00+05:30,17.200000762939453,17.90999984741211,17.100000381469727,17.43000030517578,23080,0.0,0.0,OSWALSEEDS.NS
2025-01-31 00:00:00+05:30,17.110000610351562,17.850000381469727,16.770000457763672,17.68000030517578,22190,0.0,0.0,OSWALSEEDS.NS
2025-02-01 00:00:00+05:30,17.989999771118164,18.350000381469727,17.020000457763672,18.139999389648438,31796,0.0,0.0,OSWALSEEDS.NS
2025-02-03 00:00:00+05:30,18.489999771118164,18.489999771118164,17.270000457763672,17.420000076293945,29407,0.0,0.0,OSWALSEEDS.NS
2025-02-04 00:00:00+05:30,17.770000457763672,17.969999313354492,17.0,17.540000915527344,29495,0.0,0.0,OSWALSEEDS.NS
2025-02-05 00:00:00+05:30,17.799999237060547,18.100000381469727,16.700000762939453,17.739999771118164,66012,0.0,0.0,OSWALSEEDS.NS
2025-02-06 00:00:00+05:30,17.010000228881836,18.059999465942383,17.010000228881836,17.43000030517578,22543,0.0,0.0,OSWALSEEDS.NS
2025-02-07 00:00:00+05:30,17.739999771118164,17.739999771118164,16.950000762939453,17.030000686645508,46139,0.0,0.0,OSWALSEEDS.NS
2025-02-10 00:00:00+05:30,16.25,16.989999771118164,16.25,16.459999084472656,43173,0.0,0.0,OSWALSEEDS.NS
2025-02-11 00:00:00+05:30,16.549999237060547,16.969999313354492,15.630000114440918,16.049999237060547,49317,0.0,0.0,OSWALSEEDS.NS
2025-02-12 00:00:00+05:30,16.739999771118164,16.739999771118164,15.300000190734863,15.489999771118164,51138,0.0,0.0,OSWALSEEDS.NS
2025-02-13 00:00:00+05:30,15.199999809265137,15.760000228881836,14.789999961853027,15.020000457763672,53878,0.0,0.0,OSWALSEEDS.NS
2025-02-14 00:00:00+05:30,15.680000305175781,15.680000305175781,14.300000190734863,14.4399995803833,38447,0.0,0.0,OSWALSEEDS.NS
2025-02-17 00:00:00+05:30,14.149999618530273,14.899999618530273,13.710000038146973,13.760000228881836,64784,0.0,0.0,OSWALSEEDS.NS
2025-02-18 00:00:00+05:30,13.4399995803833,13.829999923706055,13.069999694824219,13.069999694824219,92182,0.0,0.0,OSWALSEEDS.NS
2025-02-19 00:00:00+05:30,13.319999694824219,13.430000305175781,12.420000076293945,13.279999732971191,60396,0.0,0.0,OSWALSEEDS.NS
2025-02-20 00:00:00+05:30,13.300000190734863,13.600000381469727,13.0,13.40999984741211,55236,0.0,0.0,OSWALSEEDS.NS
2025-02-21 00:00:00+05:30,13.600000381469727,14.029999732971191,12.84000015258789,13.949999809265137,50908,0.0,0.0,OSWALSEEDS.NS
2025-02-24 00:00:00+05:30,13.9399995803833,13.949999809265137,13.319999694824219,13.399999618530273,39129,0.0,0.0,OSWALSEEDS.NS
2025-02-25 00:00:00+05:30,13.670000076293945,13.829999923706055,13.010000228881836,13.579999923706055,24319,0.0,0.0,OSWALSEEDS.NS
2025-02-27 00:00:00+05:30,13.569999694824219,13.800000190734863,13.0,13.15999984741211,40710,0.0,0.0,OSWALSEEDS.NS
2025-02-28 00:00:00+05:30,13.0,13.300000190734863,12.600000381469727,12.930000305175781,30495,0.0,0.0,OSWALSEEDS.NS
2025-03-03 00:00:00+05:30,12.899999618530273,13.140000343322754,12.510000228881836,12.59000015258789,32320,0.0,0.0,OSWALSEEDS.NS
2025-03-04 00:00:00+05:30,12.59000015258789,12.989999771118164,12.420000076293945,12.970000267028809,32489,0.0,0.0,OSWALSEEDS.NS
2025-03-05 00:00:00+05:30,12.710000038146973,13.4399995803833,12.710000038146973,13.350000381469727,34343,0.0,0.0,OSWALSEEDS.NS
2025-03-06 00:00:00+05:30,13.430000305175781,13.949999809265137,13.0600004196167,13.819999694824219,79917,0.0,0.0,OSWALSEEDS.NS
2025-03-07 00:00:00+05:30,13.819999694824219,14.039999961853027,13.489999771118164,13.869999885559082,59956,0.0,0.0,OSWALSEEDS.NS
2025-03-10 00:00:00+05:30,13.789999961853027,14.5,13.25,14.3100004196167,101647,0.0,0.0,OSWALSEEDS.NS
2025-03-11 00:00:00+05:30,14.279999732971191,15.0,13.970000267028809,14.850000381469727,104809,0.0,0.0,OSWALSEEDS.NS
2025-03-12 00:00:00+05:30,14.850000381469727,15.40999984741211,14.630000114440918,15.34000015258789,67598,0.0,0.0,OSWALSEEDS.NS
2025-03-13 00:00:00+05:30,15.350000381469727,15.850000381469727,14.75,15.279999732971191,50784,0.0,0.0,OSWALSEEDS.NS
2025-03-17 00:00:00+05:30,14.609999656677246,15.239999771118164,14.609999656677246,14.710000038146973,119303,0.0,0.0,OSWALSEEDS.NS
2025-03-18 00:00:00+05:30,14.710000038146973,14.710000038146973,14.710000038146973,14.710000038146973,0,0.0,0.0,OSWALSEEDS.NS
2025-03-19 00:00:00+05:30,14.010000228881836,14.640000343322754,13.829999923706055,14.020000457763672,103754,0.0,0.0,OSWALSEEDS.NS
2025-03-20 00:00:00+05:30,14.420000076293945,14.420000076293945,13.399999618530273,13.729999542236328,109345,0.0,0.0,OSWALSEEDS.NS
2025-03-21 00:00:00+05:30,13.649999618530273,14.130000114440918,13.649999618530273,14.020000457763672,76415,0.0,0.0,OSWALSEEDS.NS
2025-03-24 00:00:00+05:30,14.239999771118164,14.239999771118164,13.65999984741211,13.770000457763672,145292,0.0,0.0,OSWALSEEDS.NS
2025-03-25 00:00:00+05:30,14.1899995803833,14.1899995803833,13.3100004196167,13.40999984741211,169283,0.0,0.0,OSWALSEEDS.NS
2025-03-26 00:00:00+05:30,13.369999885559082,13.479999542236328,12.819999694824219,12.90999984741211,160984,0.0,0.0,OSWALSEEDS.NS
2025-03-27 00:00:00+05:30,13.289999961853027,13.289999961853027,12.260000228881836,12.260000228881836,245808,0.0,0.0,OSWALSEEDS.NS
2025-03-28 00:00:00+05:30,12.300000190734863,12.520000457763672,11.640000343322754,11.640000343322754,212019,0.0,0.0,OSWALSEEDS.NS
2025-04-01 00:00:00+05:30,12.0,12.100000381469727,11.699999809265137,11.880000114440918,73799,0.0,0.0,OSWALSEEDS.NS
2025-04-02 00:00:00+05:30,12.0,12.1899995803833,11.710000038146973,11.960000038146973,41802,0.0,0.0,OSWALSEEDS.NS
2025-04-03 00:00:00+05:30,12.149999618530273,12.550000190734863,12.079999923706055,12.550000190734863,58600,0.0,0.0,OSWALSEEDS.NS
2025-04-04 00:00:00+05:30,12.5,12.989999771118164,12.489999771118164,12.550000190734863,38638,0.0,0.0,OSWALSEEDS.NS
2025-04-07 00:00:00+05:30,12.399999618530273,13.800000190734863,11.699999809265137,13.789999961853027,360126,0.0,0.0,OSWALSEEDS.NS
2025-04-08 00:00:00+05:30,15.140000343322754,15.15999984741211,14.359999656677246,15.050000190734863,211691,0.0,0.0,OSWALSEEDS.NS
2025-04-09 00:00:00+05:30,15.0,15.0,14.5,14.5600004196167,49129,0.0,0.0,OSWALSEEDS.NS
2025-04-11 00:00:00+05:30,14.600000381469727,16.0,14.510000228881836,14.920000076293945,72921,0.0,0.0,OSWALSEEDS.NS
2025-04-15 00:00:00+05:30,14.970000267028809,15.25,14.199999809265137,15.010000228881836,105974,0.0,0.0,OSWALSEEDS.NS
2025-04-16 00:00:00+05:30,15.010000228881836,15.970000267028809,15.010000228881836,15.279999732971191,64749,0.0,0.0,OSWALSEEDS.NS
2025-04-17 00:00:00+05:30,15.279999732971191,15.5,14.890000343322754,15.289999961853027,51808,0.0,0.0,OSWALSEEDS.NS
2025-04-21 00:00:00+05:30,14.989999771118164,15.649999618530273,14.600000381469727,15.199999809265137,62980,0.0,0.0,OSWALSEEDS.NS
2025-04-22 00:00:00+05:30,15.199999809265137,15.4399995803833,14.829999923706055,15.3100004196167,21421,0.0,0.0,OSWALSEEDS.NS
2025-04-23 00:00:00+05:30,15.289999961853027,15.609999656677246,15.149999618530273,15.220000267028809,28919,0.0,0.0,OSWALSEEDS.NS
2025-04-24 00:00:00+05:30,15.0,15.649999618530273,15.0,15.109999656677246,31733,0.0,0.0,OSWALSEEDS.NS
2025-04-25 00:00:00+05:30,14.550000190734863,15.4399995803833,14.350000381469727,14.510000228881836,67198,0.0,0.0,OSWALSEEDS.NS
2025-04-28 00:00:00+05:30,14.109999656677246,15.180000305175781,14.109999656677246,14.699999809265137,9532,0.0,0.0,OSWALSEEDS.NS
