Date,Open,High,Low,Close,Volume,Dividends,Stock Splits,Ticker
2020-03-30 00:00:00+05:30,13.100000381469727,13.100000381469727,13.100000381469727,13.100000381469727,1924,0.0,0.0,S&SPOWER.NS
2020-03-31 00:00:00+05:30,13.75,13.75,13.75,13.75,1917,0.0,0.0,S&SPOWER.NS
2020-04-01 00:00:00+05:30,14.399999618530273,14.399999618530273,14.399999618530273,14.399999618530273,1312,0.0,0.0,S&SPOWER.NS
2020-04-03 00:00:00+05:30,15.100000381469727,15.100000381469727,15.100000381469727,15.100000381469727,387,0.0,0.0,S&SPOWER.NS
2020-04-07 00:00:00+05:30,15.850000381469727,15.850000381469727,15.850000381469727,15.850000381469727,77,0.0,0.0,S&SPOWER.NS
2020-04-08 00:00:00+05:30,16.600000381469727,16.600000381469727,16.600000381469727,16.600000381469727,317,0.0,0.0,S&SPOWER.NS
2020-04-09 00:00:00+05:30,17.399999618530273,17.399999618530273,17.399999618530273,17.399999618530273,45,0.0,0.0,S&SPOWER.NS
2020-04-13 00:00:00+05:30,18.25,18.25,18.25,18.25,100,0.0,0.0,S&SPOWER.NS
2020-04-15 00:00:00+05:30,19.149999618530273,19.149999618530273,19.149999618530273,19.149999618530273,110,0.0,0.0,S&SPOWER.NS
2020-04-16 00:00:00+05:30,21.049999237060547,21.049999237060547,21.049999237060547,21.049999237060547,631,0.0,0.0,S&SPOWER.NS
2020-04-17 00:00:00+05:30,23.149999618530273,23.149999618530273,23.149999618530273,23.149999618530273,1920,0.0,0.0,S&SPOWER.NS
2020-04-20 00:00:00+05:30,25.450000762939453,25.450000762939453,25.450000762939453,25.450000762939453,15,0.0,0.0,S&SPOWER.NS
2020-04-21 00:00:00+05:30,26.700000762939453,26.700000762939453,26.700000762939453,26.700000762939453,793,0.0,0.0,S&SPOWER.NS
2020-04-22 00:00:00+05:30,28.0,28.0,28.0,28.0,237,0.0,0.0,S&SPOWER.NS
2020-04-23 00:00:00+05:30,29.399999618530273,29.399999618530273,29.399999618530273,29.399999618530273,2063,0.0,0.0,S&SPOWER.NS
2020-04-24 00:00:00+05:30,30.850000381469727,30.850000381469727,30.799999237060547,30.850000381469727,3257,0.0,0.0,S&SPOWER.NS
2020-04-27 00:00:00+05:30,32.349998474121094,32.349998474121094,32.349998474121094,32.349998474121094,877,0.0,0.0,S&SPOWER.NS
2020-04-28 00:00:00+05:30,33.95000076293945,33.95000076293945,33.95000076293945,33.95000076293945,2092,0.0,0.0,S&SPOWER.NS
2020-04-29 00:00:00+05:30,35.599998474121094,35.599998474121094,32.29999923706055,32.29999923706055,19724,0.0,0.0,S&SPOWER.NS
2020-04-30 00:00:00+05:30,30.700000762939453,30.700000762939453,30.700000762939453,30.700000762939453,936,0.0,0.0,S&SPOWER.NS
2020-05-04 00:00:00+05:30,29.200000762939453,29.200000762939453,29.200000762939453,29.200000762939453,687,0.0,0.0,S&SPOWER.NS
2020-05-05 00:00:00+05:30,27.75,27.75,27.75,27.75,341,0.0,0.0,S&SPOWER.NS
2020-05-06 00:00:00+05:30,26.399999618530273,26.399999618530273,26.399999618530273,26.399999618530273,518,0.0,0.0,S&SPOWER.NS
2020-05-07 00:00:00+05:30,25.100000381469727,25.100000381469727,25.100000381469727,25.100000381469727,3162,0.0,0.0,S&SPOWER.NS
2020-05-08 00:00:00+05:30,23.850000381469727,23.850000381469727,23.850000381469727,23.850000381469727,896,0.0,0.0,S&SPOWER.NS
2020-05-11 00:00:00+05:30,22.700000762939453,22.700000762939453,22.700000762939453,22.700000762939453,180,0.0,0.0,S&SPOWER.NS
2020-05-12 00:00:00+05:30,21.600000381469727,21.600000381469727,21.600000381469727,21.600000381469727,2312,0.0,0.0,S&SPOWER.NS
2020-05-13 00:00:00+05:30,20.549999237060547,20.549999237060547,20.549999237060547,20.549999237060547,353,0.0,0.0,S&SPOWER.NS
2020-05-14 00:00:00+05:30,19.549999237060547,19.549999237060547,19.549999237060547,19.549999237060547,2012,0.0,0.0,S&SPOWER.NS
2020-05-15 00:00:00+05:30,18.600000381469727,18.600000381469727,18.600000381469727,18.600000381469727,1261,0.0,0.0,S&SPOWER.NS
2020-05-18 00:00:00+05:30,17.700000762939453,17.700000762939453,17.700000762939453,17.700000762939453,1635,0.0,0.0,S&SPOWER.NS
2020-05-19 00:00:00+05:30,16.850000381469727,16.850000381469727,16.850000381469727,16.850000381469727,293,0.0,0.0,S&SPOWER.NS
2020-05-20 00:00:00+05:30,16.049999237060547,16.049999237060547,16.049999237060547,16.049999237060547,761,0.0,0.0,S&SPOWER.NS
2020-05-21 00:00:00+05:30,15.25,15.25,15.25,15.25,1616,0.0,0.0,S&SPOWER.NS
2020-05-22 00:00:00+05:30,14.5,14.5,14.5,14.5,1571,0.0,0.0,S&SPOWER.NS
2020-05-26 00:00:00+05:30,13.800000190734863,15.199999809265137,13.800000190734863,15.199999809265137,8285,0.0,0.0,S&SPOWER.NS
2020-05-27 00:00:00+05:30,15.949999809265137,15.949999809265137,15.899999618530273,15.949999809265137,6465,0.0,0.0,S&SPOWER.NS
2020-05-28 00:00:00+05:30,16.700000762939453,16.700000762939453,16.700000762939453,16.700000762939453,4600,0.0,0.0,S&SPOWER.NS
2020-05-29 00:00:00+05:30,17.5,17.5,17.450000762939453,17.5,6681,0.0,0.0,S&SPOWER.NS
2020-06-01 00:00:00+05:30,18.350000381469727,18.350000381469727,16.649999618530273,17.950000762939453,5468,0.0,0.0,S&SPOWER.NS
2020-06-02 00:00:00+05:30,18.75,18.75,17.100000381469727,18.200000762939453,6251,0.0,0.0,S&SPOWER.NS
2020-06-03 00:00:00+05:30,18.899999618530273,18.899999618530273,17.600000381469727,17.799999237060547,4487,0.0,0.0,S&SPOWER.NS
2020-06-04 00:00:00+05:30,17.0,18.649999618530273,16.950000762939453,18.25,2231,0.0,0.0,S&SPOWER.NS
2020-06-05 00:00:00+05:30,19.149999618530273,19.149999618530273,17.700000762939453,17.899999618530273,5408,0.0,0.0,S&SPOWER.NS
2020-06-08 00:00:00+05:30,17.100000381469727,18.700000762939453,17.100000381469727,18.5,4587,0.0,0.0,S&SPOWER.NS
2020-06-09 00:00:00+05:30,18.5,18.5,17.600000381469727,18.350000381469727,2665,0.0,0.0,S&SPOWER.NS
2020-06-10 00:00:00+05:30,17.5,18.5,17.450000762939453,18.149999618530273,2845,0.0,0.0,S&SPOWER.NS
2020-06-11 00:00:00+05:30,19.049999237060547,19.049999237060547,17.25,17.299999237060547,1873,0.0,0.0,S&SPOWER.NS
2020-06-12 00:00:00+05:30,17.0,17.399999618530273,16.5,17.399999618530273,2350,0.0,0.0,S&SPOWER.NS
2020-06-15 00:00:00+05:30,16.649999618530273,18.100000381469727,16.549999237060547,16.549999237060547,3644,0.0,0.0,S&SPOWER.NS
2020-06-16 00:00:00+05:30,15.800000190734863,17.0,15.75,16.299999237060547,1562,0.0,0.0,S&SPOWER.NS
2020-06-17 00:00:00+05:30,16.0,17.0,16.0,16.5,1048,0.0,0.0,S&SPOWER.NS
2020-06-18 00:00:00+05:30,15.699999809265137,16.950000762939453,15.699999809265137,16.0,1014,0.0,0.0,S&SPOWER.NS
2020-06-19 00:00:00+05:30,16.799999237060547,16.799999237060547,16.0,16.450000762939453,2161,0.0,0.0,S&SPOWER.NS
2020-06-22 00:00:00+05:30,16.5,16.549999237060547,15.649999618530273,16.25,3378,0.0,0.0,S&SPOWER.NS
2020-06-23 00:00:00+05:30,15.550000190734863,16.450000762939453,15.5,16.149999618530273,1368,0.0,0.0,S&SPOWER.NS
2020-06-24 00:00:00+05:30,16.899999618530273,16.899999618530273,15.5,16.75,3192,0.0,0.0,S&SPOWER.NS
2020-06-25 00:00:00+05:30,16.700000762939453,16.700000762939453,16.0,16.0,1670,0.0,0.0,S&SPOWER.NS
2020-06-26 00:00:00+05:30,16.450000762939453,16.450000762939453,15.5,16.350000381469727,808,0.0,0.0,S&SPOWER.NS
2020-06-29 00:00:00+05:30,17.0,17.0,15.550000190734863,16.5,3280,0.0,0.0,S&SPOWER.NS
2020-06-30 00:00:00+05:30,16.100000381469727,16.200000762939453,15.75,15.75,1730,0.0,0.0,S&SPOWER.NS
2020-07-01 00:00:00+05:30,15.75,16.25,15.0,15.0,2484,0.0,0.0,S&SPOWER.NS
2020-07-02 00:00:00+05:30,14.25,15.75,14.25,15.100000381469727,5719,0.0,0.0,S&SPOWER.NS
2020-07-03 00:00:00+05:30,14.350000381469727,15.850000381469727,14.350000381469727,15.850000381469727,4139,0.0,0.0,S&SPOWER.NS
2020-07-06 00:00:00+05:30,16.5,16.5,15.25,15.5,888,0.0,0.0,S&SPOWER.NS
2020-07-07 00:00:00+05:30,15.300000190734863,15.300000190734863,14.75,15.199999809265137,3743,0.0,0.0,S&SPOWER.NS
2020-07-08 00:00:00+05:30,15.75,15.75,14.449999809265137,14.449999809265137,3408,0.0,0.0,S&SPOWER.NS
2020-07-09 00:00:00+05:30,14.350000381469727,15.149999618530273,13.75,14.300000190734863,5613,0.0,0.0,S&SPOWER.NS
2020-07-10 00:00:00+05:30,13.600000381469727,15.0,13.600000381469727,15.0,4034,0.0,0.0,S&SPOWER.NS
2020-07-13 00:00:00+05:30,15.75,15.75,14.899999618530273,15.699999809265137,4888,0.0,0.0,S&SPOWER.NS
2020-07-14 00:00:00+05:30,15.75,15.75,14.949999809265137,15.0,2072,0.0,0.0,S&SPOWER.NS
2020-07-15 00:00:00+05:30,14.25,15.600000381469727,14.25,15.600000381469727,4891,0.0,0.0,S&SPOWER.NS
2020-07-16 00:00:00+05:30,15.100000381469727,15.600000381469727,14.850000381469727,15.0,1098,0.0,0.0,S&SPOWER.NS
2020-07-17 00:00:00+05:30,14.649999618530273,15.5,14.300000190734863,15.5,645,0.0,0.0,S&SPOWER.NS
2020-07-20 00:00:00+05:30,16.200000762939453,16.200000762939453,14.899999618530273,15.100000381469727,3335,0.0,0.0,S&SPOWER.NS
2020-07-21 00:00:00+05:30,14.350000381469727,15.800000190734863,14.350000381469727,15.75,287,0.0,0.0,S&SPOWER.NS
2020-07-22 00:00:00+05:30,15.0,15.75,15.0,15.0,1681,0.0,0.0,S&SPOWER.NS
2020-07-23 00:00:00+05:30,14.300000190734863,15.75,14.25,15.699999809265137,3788,0.0,0.0,S&SPOWER.NS
2020-07-24 00:00:00+05:30,16.200000762939453,16.200000762939453,14.949999809265137,15.899999618530273,1242,0.0,0.0,S&SPOWER.NS
2020-07-27 00:00:00+05:30,16.299999237060547,16.299999237060547,15.149999618530273,15.149999618530273,99,0.0,0.0,S&SPOWER.NS
2020-07-28 00:00:00+05:30,15.050000190734863,15.899999618530273,14.399999618530273,15.800000190734863,2394,0.0,0.0,S&SPOWER.NS
2020-07-29 00:00:00+05:30,15.050000190734863,15.050000190734863,15.050000190734863,15.050000190734863,130,0.0,0.0,S&SPOWER.NS
2020-07-30 00:00:00+05:30,14.350000381469727,14.350000381469727,14.300000190734863,14.300000190734863,2016,0.0,0.0,S&SPOWER.NS
2020-07-31 00:00:00+05:30,14.300000190734863,14.300000190734863,13.75,13.800000190734863,323,0.0,0.0,S&SPOWER.NS
2020-08-03 00:00:00+05:30,13.75,13.75,13.25,13.25,28,0.0,0.0,S&SPOWER.NS
2020-08-04 00:00:00+05:30,13.25,13.25,13.25,13.25,489,0.0,0.0,S&SPOWER.NS
2020-08-05 00:00:00+05:30,13.899999618530273,13.899999618530273,13.899999618530273,13.899999618530273,200,0.0,0.0,S&SPOWER.NS
2020-08-06 00:00:00+05:30,14.5,14.550000190734863,14.199999809265137,14.550000190734863,504,0.0,0.0,S&SPOWER.NS
2020-08-07 00:00:00+05:30,15.0,15.0,14.75,15.0,420,0.0,0.0,S&SPOWER.NS
2020-08-10 00:00:00+05:30,14.800000190734863,15.0,14.300000190734863,15.0,786,0.0,0.0,S&SPOWER.NS
2020-08-11 00:00:00+05:30,15.600000381469727,15.600000381469727,14.25,14.300000190734863,2098,0.0,0.0,S&SPOWER.NS
2020-08-12 00:00:00+05:30,15.0,15.0,14.25,14.25,1506,0.0,0.0,S&SPOWER.NS
2020-08-13 00:00:00+05:30,13.949999809265137,14.949999809265137,13.949999809265137,14.850000381469727,1645,0.0,0.0,S&SPOWER.NS
2020-08-14 00:00:00+05:30,14.850000381469727,15.550000190734863,14.149999618530273,14.350000381469727,7044,0.0,0.0,S&SPOWER.NS
2020-08-17 00:00:00+05:30,15.050000190734863,15.050000190734863,14.149999618530273,14.149999618530273,678,0.0,0.0,S&SPOWER.NS
2020-08-18 00:00:00+05:30,13.600000381469727,14.850000381469727,13.449999809265137,14.600000381469727,5840,0.0,0.0,S&SPOWER.NS
2020-08-19 00:00:00+05:30,14.5,15.050000190734863,14.0,14.949999809265137,1967,0.0,0.0,S&SPOWER.NS
2020-08-20 00:00:00+05:30,14.800000190734863,15.399999618530273,14.800000190734863,15.300000190734863,1172,0.0,0.0,S&SPOWER.NS
2020-08-21 00:00:00+05:30,14.600000381469727,15.949999809265137,14.600000381469727,15.699999809265137,5718,0.0,0.0,S&SPOWER.NS
2020-08-24 00:00:00+05:30,15.199999809265137,15.5,15.0,15.100000381469727,1661,0.0,0.0,S&SPOWER.NS
2020-08-25 00:00:00+05:30,15.0,15.75,14.949999809265137,15.0,2626,0.0,0.0,S&SPOWER.NS
2020-08-26 00:00:00+05:30,14.449999809265137,15.75,14.449999809265137,15.75,3396,0.0,0.0,S&SPOWER.NS
2020-08-27 00:00:00+05:30,15.75,15.75,15.0,15.5,11089,0.0,0.0,S&SPOWER.NS
2020-08-28 00:00:00+05:30,14.949999809265137,15.199999809265137,14.75,14.800000190734863,5579,0.0,0.0,S&SPOWER.NS
2020-08-31 00:00:00+05:30,15.449999809265137,15.449999809265137,14.350000381469727,14.649999618530273,1333,0.0,0.0,S&SPOWER.NS
2020-09-01 00:00:00+05:30,14.5,14.5,14.0,14.199999809265137,1579,0.0,0.0,S&SPOWER.NS
2020-09-02 00:00:00+05:30,14.5,14.899999618530273,14.050000190734863,14.899999618530273,1320,0.0,0.0,S&SPOWER.NS
2020-09-03 00:00:00+05:30,15.550000190734863,15.600000381469727,14.300000190734863,14.550000190734863,3969,0.0,0.0,S&SPOWER.NS
2020-09-04 00:00:00+05:30,14.550000190734863,15.199999809265137,14.149999618530273,15.149999618530273,992,0.0,0.0,S&SPOWER.NS
2020-09-07 00:00:00+05:30,15.699999809265137,15.699999809265137,14.550000190734863,14.649999618530273,1444,0.0,0.0,S&SPOWER.NS
2020-09-08 00:00:00+05:30,14.649999618530273,15.0,14.25,15.0,621,0.0,0.0,S&SPOWER.NS
2020-09-09 00:00:00+05:30,14.350000381469727,15.0,14.300000190734863,14.350000381469727,1860,0.0,0.0,S&SPOWER.NS
2020-09-10 00:00:00+05:30,14.949999809265137,15.0,14.050000190734863,14.850000381469727,313,0.0,0.0,S&SPOWER.NS
2020-09-11 00:00:00+05:30,14.25,15.300000190734863,14.149999618530273,14.550000190734863,2491,0.0,0.0,S&SPOWER.NS
2020-09-14 00:00:00+05:30,14.199999809265137,14.949999809265137,13.850000381469727,14.149999618530273,1157,0.0,0.0,S&SPOWER.NS
2020-09-15 00:00:00+05:30,14.350000381469727,14.649999618530273,13.850000381469727,14.100000381469727,3543,0.0,0.0,S&SPOWER.NS
2020-09-16 00:00:00+05:30,14.100000381469727,14.100000381469727,13.600000381469727,14.050000190734863,514,0.0,0.0,S&SPOWER.NS
2020-09-17 00:00:00+05:30,14.399999618530273,14.449999809265137,14.399999618530273,14.449999809265137,11,0.0,0.0,S&SPOWER.NS
2020-09-18 00:00:00+05:30,13.850000381469727,14.399999618530273,13.75,13.850000381469727,2209,0.0,0.0,S&SPOWER.NS
2020-09-21 00:00:00+05:30,13.300000190734863,14.25,13.300000190734863,14.100000381469727,1709,0.0,0.0,S&SPOWER.NS
2020-09-22 00:00:00+05:30,14.100000381469727,14.100000381469727,13.399999618530273,13.75,371,0.0,0.0,S&SPOWER.NS
2020-09-23 00:00:00+05:30,14.0,14.0,13.100000381469727,14.0,207,0.0,0.0,S&SPOWER.NS
2020-09-24 00:00:00+05:30,13.350000381469727,14.699999809265137,13.300000190734863,13.300000190734863,3824,0.0,0.0,S&SPOWER.NS
2020-09-25 00:00:00+05:30,13.300000190734863,13.949999809265137,12.649999618530273,13.149999618530273,928,0.0,0.0,S&SPOWER.NS
2020-09-28 00:00:00+05:30,12.800000190734863,13.800000190734863,12.5,12.800000190734863,3349,0.0,0.0,S&SPOWER.NS
2020-09-29 00:00:00+05:30,12.800000190734863,13.399999618530273,12.399999618530273,13.300000190734863,3826,0.0,0.0,S&SPOWER.NS
2020-09-30 00:00:00+05:30,13.949999809265137,13.949999809265137,12.649999618530273,12.649999618530273,761,0.0,0.0,S&SPOWER.NS
2020-10-01 00:00:00+05:30,12.649999618530273,12.649999618530273,12.149999618530273,12.5,4364,0.0,0.0,S&SPOWER.NS
2020-10-05 00:00:00+05:30,12.449999809265137,13.100000381469727,11.899999618530273,12.550000190734863,2340,0.0,0.0,S&SPOWER.NS
2020-10-06 00:00:00+05:30,12.949999809265137,12.949999809265137,11.949999809265137,12.149999618530273,1072,0.0,0.0,S&SPOWER.NS
2020-10-07 00:00:00+05:30,12.149999618530273,12.75,11.800000190734863,11.800000190734863,1696,0.0,0.0,S&SPOWER.NS
2020-10-08 00:00:00+05:30,11.800000190734863,11.850000381469727,11.25,11.75,909,0.0,0.0,S&SPOWER.NS
2020-10-09 00:00:00+05:30,11.949999809265137,11.949999809265137,11.199999809265137,11.199999809265137,3635,0.0,0.0,S&SPOWER.NS
2020-10-12 00:00:00+05:30,11.199999809265137,11.199999809265137,11.199999809265137,11.199999809265137,0,0.0,0.0,S&SPOWER.NS
2020-10-13 00:00:00+05:30,11.199999809265137,11.199999809265137,11.199999809265137,11.199999809265137,0,0.0,0.0,S&SPOWER.NS
2020-10-14 00:00:00+05:30,11.199999809265137,11.199999809265137,11.199999809265137,11.199999809265137,0,0.0,0.0,S&SPOWER.NS
2020-10-15 00:00:00+05:30,10.649999618530273,10.649999618530273,10.649999618530273,10.649999618530273,77,0.0,0.0,S&SPOWER.NS
2020-10-16 00:00:00+05:30,10.149999618530273,10.149999618530273,10.149999618530273,10.149999618530273,6,0.0,0.0,S&SPOWER.NS
2020-10-19 00:00:00+05:30,9.75,9.75,9.649999618530273,9.75,223,0.0,0.0,S&SPOWER.NS
2020-10-20 00:00:00+05:30,9.350000381469727,10.149999618530273,9.300000190734863,9.350000381469727,250,0.0,0.0,S&SPOWER.NS
2020-10-21 00:00:00+05:30,9.75,9.75,9.75,9.75,1030,0.0,0.0,S&SPOWER.NS
2020-10-22 00:00:00+05:30,9.800000190734863,9.800000190734863,9.300000190734863,9.800000190734863,590,0.0,0.0,S&SPOWER.NS
2020-10-23 00:00:00+05:30,9.800000190734863,9.800000190734863,9.800000190734863,9.800000190734863,0,0.0,0.0,S&SPOWER.NS
2020-10-26 00:00:00+05:30,9.800000190734863,9.800000190734863,9.800000190734863,9.800000190734863,0,0.0,0.0,S&SPOWER.NS
2020-10-27 00:00:00+05:30,9.800000190734863,9.800000190734863,9.800000190734863,9.800000190734863,0,0.0,0.0,S&SPOWER.NS
2020-10-28 00:00:00+05:30,9.800000190734863,9.800000190734863,9.800000190734863,9.800000190734863,180,0.0,0.0,S&SPOWER.NS
2020-10-29 00:00:00+05:30,9.350000381469727,9.350000381469727,9.350000381469727,9.350000381469727,1,0.0,0.0,S&SPOWER.NS
2020-10-30 00:00:00+05:30,9.350000381469727,9.350000381469727,9.350000381469727,9.350000381469727,0,0.0,0.0,S&SPOWER.NS
2020-11-02 00:00:00+05:30,9.0,9.0,9.0,9.0,100,0.0,0.0,S&SPOWER.NS
2020-11-03 00:00:00+05:30,9.449999809265137,9.449999809265137,8.550000190734863,9.449999809265137,1999,0.0,0.0,S&SPOWER.NS
2020-11-04 00:00:00+05:30,9.0,9.899999618530273,9.0,9.0,238,0.0,0.0,S&SPOWER.NS
2020-11-05 00:00:00+05:30,9.300000190734863,9.300000190734863,9.300000190734863,9.300000190734863,1,0.0,0.0,S&SPOWER.NS
2020-11-06 00:00:00+05:30,8.850000381469727,9.25,8.850000381469727,8.850000381469727,799,0.0,0.0,S&SPOWER.NS
2020-11-09 00:00:00+05:30,8.449999809265137,8.449999809265137,8.449999809265137,8.449999809265137,126,0.0,0.0,S&SPOWER.NS
2020-11-10 00:00:00+05:30,8.850000381469727,8.850000381469727,8.850000381469727,8.850000381469727,501,0.0,0.0,S&SPOWER.NS
2020-11-11 00:00:00+05:30,8.850000381469727,8.850000381469727,8.850000381469727,8.850000381469727,50,0.0,0.0,S&SPOWER.NS
2020-11-12 00:00:00+05:30,8.850000381469727,8.850000381469727,8.850000381469727,8.850000381469727,1929,0.0,0.0,S&SPOWER.NS
2020-11-13 00:00:00+05:30,8.850000381469727,8.850000381469727,8.850000381469727,8.850000381469727,0,0.0,0.0,S&SPOWER.NS
2020-11-17 00:00:00+05:30,8.5,8.5,8.5,8.5,84,0.0,0.0,S&SPOWER.NS
2020-11-18 00:00:00+05:30,8.5,8.5,8.5,8.5,2000,0.0,0.0,S&SPOWER.NS
2020-11-19 00:00:00+05:30,8.5,8.5,8.100000381469727,8.5,1050,0.0,0.0,S&SPOWER.NS
2020-11-20 00:00:00+05:30,8.899999618530273,8.899999618530273,8.899999618530273,8.899999618530273,257,0.0,0.0,S&SPOWER.NS
2020-11-23 00:00:00+05:30,9.300000190734863,9.300000190734863,9.300000190734863,9.300000190734863,169,0.0,0.0,S&SPOWER.NS
2020-11-24 00:00:00+05:30,9.75,9.75,9.75,9.75,1800,0.0,0.0,S&SPOWER.NS
2020-11-25 00:00:00+05:30,10.199999809265137,10.0,10.0,10.0,50,0.0,0.0,S&SPOWER.NS
2020-11-26 00:00:00+05:30,10.5,10.5,10.5,10.5,370,0.0,0.0,S&SPOWER.NS
2020-11-27 00:00:00+05:30,11.0,11.0,11.0,11.0,253,0.0,0.0,S&SPOWER.NS
2020-12-01 00:00:00+05:30,11.550000190734863,11.550000190734863,11.550000190734863,11.550000190734863,615,0.0,0.0,S&SPOWER.NS
2020-12-02 00:00:00+05:30,11.0,12.100000381469727,11.0,11.0,1664,0.0,0.0,S&SPOWER.NS
2020-12-03 00:00:00+05:30,10.449999809265137,10.449999809265137,10.449999809265137,10.449999809265137,75,0.0,0.0,S&SPOWER.NS
2020-12-04 00:00:00+05:30,10.449999809265137,10.449999809265137,10.449999809265137,10.449999809265137,0,0.0,0.0,S&SPOWER.NS
2020-12-07 00:00:00+05:30,9.949999809265137,9.949999809265137,9.949999809265137,9.949999809265137,755,0.0,0.0,S&SPOWER.NS
2020-12-08 00:00:00+05:30,10.199999809265137,10.199999809265137,9.949999809265137,10.199999809265137,900,0.0,0.0,S&SPOWER.NS
2020-12-09 00:00:00+05:30,10.199999809265137,10.199999809265137,10.199999809265137,10.199999809265137,81,0.0,0.0,S&SPOWER.NS
2020-12-10 00:00:00+05:30,10.199999809265137,10.199999809265137,10.199999809265137,10.199999809265137,149,0.0,0.0,S&SPOWER.NS
2020-12-11 00:00:00+05:30,10.199999809265137,10.199999809265137,10.199999809265137,10.199999809265137,0,0.0,0.0,S&SPOWER.NS
2020-12-14 00:00:00+05:30,10.199999809265137,10.199999809265137,10.199999809265137,10.199999809265137,844,0.0,0.0,S&SPOWER.NS
2020-12-15 00:00:00+05:30,10.199999809265137,10.199999809265137,10.199999809265137,10.199999809265137,0,0.0,0.0,S&SPOWER.NS
2020-12-16 00:00:00+05:30,9.699999809265137,9.699999809265137,9.699999809265137,9.699999809265137,77,0.0,0.0,S&SPOWER.NS
2020-12-17 00:00:00+05:30,9.300000190734863,10.149999618530273,9.25,9.300000190734863,96,0.0,0.0,S&SPOWER.NS
2020-12-18 00:00:00+05:30,9.300000190734863,9.300000190734863,9.300000190734863,9.300000190734863,0,0.0,0.0,S&SPOWER.NS
2020-12-21 00:00:00+05:30,9.300000190734863,9.300000190734863,9.300000190734863,9.300000190734863,10,0.0,0.0,S&SPOWER.NS
2020-12-22 00:00:00+05:30,9.300000190734863,9.300000190734863,9.300000190734863,9.300000190734863,16,0.0,0.0,S&SPOWER.NS
2020-12-23 00:00:00+05:30,9.300000190734863,9.300000190734863,9.300000190734863,9.300000190734863,0,0.0,0.0,S&SPOWER.NS
2020-12-24 00:00:00+05:30,9.75,9.75,9.300000190734863,9.75,160,0.0,0.0,S&SPOWER.NS
2020-12-28 00:00:00+05:30,9.75,9.75,9.75,9.75,20,0.0,0.0,S&SPOWER.NS
2020-12-29 00:00:00+05:30,9.75,9.75,9.300000190734863,9.75,113,0.0,0.0,S&SPOWER.NS
2020-12-30 00:00:00+05:30,9.300000190734863,9.300000190734863,9.300000190734863,9.300000190734863,150,0.0,0.0,S&SPOWER.NS
2020-12-31 00:00:00+05:30,8.899999618530273,8.899999618530273,8.850000381469727,8.899999618530273,108,0.0,0.0,S&SPOWER.NS
2021-01-01 00:00:00+05:30,8.850000381469727,8.850000381469727,8.850000381469727,8.850000381469727,650,0.0,0.0,S&SPOWER.NS
2021-01-04 00:00:00+05:30,8.850000381469727,8.850000381469727,8.850000381469727,8.850000381469727,525,0.0,0.0,S&SPOWER.NS
2021-01-05 00:00:00+05:30,8.850000381469727,8.850000381469727,8.850000381469727,8.850000381469727,18,0.0,0.0,S&SPOWER.NS
2021-01-06 00:00:00+05:30,9.0,9.0,9.0,9.0,200,0.0,0.0,S&SPOWER.NS
2021-01-07 00:00:00+05:30,9.399999618530273,9.0,9.0,9.0,27,0.0,0.0,S&SPOWER.NS
2021-01-08 00:00:00+05:30,9.449999809265137,9.449999809265137,9.399999618530273,9.449999809265137,437,0.0,0.0,S&SPOWER.NS
2021-01-11 00:00:00+05:30,9.899999618530273,9.899999618530273,9.899999618530273,9.899999618530273,746,0.0,0.0,S&SPOWER.NS
2021-01-12 00:00:00+05:30,10.350000381469727,10.350000381469727,10.350000381469727,10.350000381469727,2132,0.0,0.0,S&SPOWER.NS
2021-01-13 00:00:00+05:30,10.850000381469727,10.850000381469727,10.850000381469727,10.850000381469727,1704,0.0,0.0,S&SPOWER.NS
2021-01-14 00:00:00+05:30,11.350000381469727,11.350000381469727,11.350000381469727,11.350000381469727,400,0.0,0.0,S&SPOWER.NS
2021-01-15 00:00:00+05:30,11.899999618530273,11.899999618530273,11.899999618530273,11.899999618530273,3785,0.0,0.0,S&SPOWER.NS
2021-01-18 00:00:00+05:30,12.449999809265137,12.449999809265137,12.449999809265137,12.449999809265137,3231,0.0,0.0,S&SPOWER.NS
2021-01-19 00:00:00+05:30,13.050000190734863,13.050000190734863,13.0,13.050000190734863,2541,0.0,0.0,S&SPOWER.NS
2021-01-20 00:00:00+05:30,13.199999809265137,13.699999809265137,13.199999809265137,13.699999809265137,862,0.0,0.0,S&SPOWER.NS
2021-01-21 00:00:00+05:30,13.300000190734863,14.350000381469727,13.300000190734863,14.350000381469727,868,0.0,0.0,S&SPOWER.NS
2021-01-22 00:00:00+05:30,15.050000190734863,15.050000190734863,15.050000190734863,15.050000190734863,444,0.0,0.0,S&SPOWER.NS
2021-01-25 00:00:00+05:30,15.800000190734863,15.800000190734863,14.300000190734863,14.300000190734863,13132,0.0,0.0,S&SPOWER.NS
2021-01-27 00:00:00+05:30,14.300000190734863,14.949999809265137,13.600000381469727,13.600000381469727,2117,0.0,0.0,S&SPOWER.NS
2021-01-28 00:00:00+05:30,12.949999809265137,14.25,12.949999809265137,13.300000190734863,6084,0.0,0.0,S&SPOWER.NS
2021-01-29 00:00:00+05:30,13.949999809265137,13.949999809265137,12.949999809265137,13.050000190734863,1394,0.0,0.0,S&SPOWER.NS
2021-02-01 00:00:00+05:30,13.050000190734863,13.699999809265137,12.449999809265137,13.149999618530273,4538,0.0,0.0,S&SPOWER.NS
2021-02-02 00:00:00+05:30,13.699999809265137,13.699999809265137,13.199999809265137,13.600000381469727,2696,0.0,0.0,S&SPOWER.NS
2021-02-03 00:00:00+05:30,13.149999618530273,14.25,13.149999618530273,14.25,4221,0.0,0.0,S&SPOWER.NS
2021-02-04 00:00:00+05:30,14.949999809265137,14.949999809265137,13.550000190734863,14.199999809265137,6932,0.0,0.0,S&SPOWER.NS
2021-02-05 00:00:00+05:30,14.199999809265137,14.899999618530273,14.199999809265137,14.899999618530273,4024,0.0,0.0,S&SPOWER.NS
2021-02-08 00:00:00+05:30,15.600000381469727,15.600000381469727,14.199999809265137,14.75,9233,0.0,0.0,S&SPOWER.NS
2021-02-09 00:00:00+05:30,14.75,15.350000381469727,14.75,15.149999618530273,62,0.0,0.0,S&SPOWER.NS
2021-02-10 00:00:00+05:30,15.449999809265137,15.899999618530273,14.5,14.699999809265137,1234,0.0,0.0,S&SPOWER.NS
2021-02-11 00:00:00+05:30,15.399999618530273,15.399999618530273,15.100000381469727,15.399999618530273,2984,0.0,0.0,S&SPOWER.NS
2021-02-12 00:00:00+05:30,16.149999618530273,16.149999618530273,14.899999618530273,15.050000190734863,4889,0.0,0.0,S&SPOWER.NS
2021-02-15 00:00:00+05:30,15.800000190734863,15.800000190734863,15.0,15.300000190734863,1128,0.0,0.0,S&SPOWER.NS
2021-02-16 00:00:00+05:30,15.0,15.949999809265137,14.800000190734863,14.899999618530273,3334,0.0,0.0,S&SPOWER.NS
2021-02-17 00:00:00+05:30,15.550000190734863,15.600000381469727,14.25,14.600000381469727,982,0.0,0.0,S&SPOWER.NS
2021-02-18 00:00:00+05:30,15.300000190734863,15.300000190734863,14.75,15.149999618530273,4465,0.0,0.0,S&SPOWER.NS
2021-02-19 00:00:00+05:30,15.899999618530273,15.899999618530273,15.899999618530273,15.899999618530273,2962,0.0,0.0,S&SPOWER.NS
2021-02-22 00:00:00+05:30,16.649999618530273,16.649999618530273,15.149999618530273,16.25,1493,0.0,0.0,S&SPOWER.NS
2021-02-23 00:00:00+05:30,16.799999237060547,17.049999237060547,15.449999809265137,16.850000381469727,4755,0.0,0.0,S&SPOWER.NS
2021-02-24 00:00:00+05:30,17.649999618530273,17.649999618530273,17.649999618530273,17.649999618530273,1509,0.0,0.0,S&SPOWER.NS
2021-02-25 00:00:00+05:30,18.5,18.5,17.5,18.5,2015,0.0,0.0,S&SPOWER.NS
2021-02-26 00:00:00+05:30,19.350000381469727,19.399999618530273,18.149999618530273,19.399999618530273,7356,0.0,0.0,S&SPOWER.NS
2021-03-01 00:00:00+05:30,20.350000381469727,20.350000381469727,20.350000381469727,20.350000381469727,4415,0.0,0.0,S&SPOWER.NS
2021-03-02 00:00:00+05:30,21.0,21.350000381469727,21.0,21.350000381469727,3260,0.0,0.0,S&SPOWER.NS
2021-03-03 00:00:00+05:30,22.399999618530273,22.399999618530273,22.399999618530273,22.399999618530273,9391,0.0,0.0,S&SPOWER.NS
2021-03-04 00:00:00+05:30,23.5,23.5,21.299999237060547,23.5,10282,0.0,0.0,S&SPOWER.NS
2021-03-05 00:00:00+05:30,24.600000381469727,24.649999618530273,22.399999618530273,24.350000381469727,5104,0.0,0.0,S&SPOWER.NS
2021-03-08 00:00:00+05:30,24.350000381469727,24.350000381469727,23.350000381469727,23.350000381469727,1222,0.0,0.0,S&SPOWER.NS
2021-03-09 00:00:00+05:30,23.299999237060547,23.299999237060547,22.200000762939453,22.200000762939453,507,0.0,0.0,S&SPOWER.NS
2021-03-10 00:00:00+05:30,23.0,23.0,21.100000381469727,21.100000381469727,16895,0.0,0.0,S&SPOWER.NS
2021-03-12 00:00:00+05:30,22.149999618530273,22.149999618530273,20.049999237060547,21.049999237060547,7849,0.0,0.0,S&SPOWER.NS
2021-03-15 00:00:00+05:30,21.049999237060547,21.799999237060547,20.0,20.100000381469727,201958,0.0,0.0,S&SPOWER.NS
2021-03-16 00:00:00+05:30,20.100000381469727,21.0,20.0,20.0,2356,0.0,0.0,S&SPOWER.NS
2021-03-17 00:00:00+05:30,20.0,20.5,19.5,19.5,1416,0.0,0.0,S&SPOWER.NS
2021-03-18 00:00:00+05:30,20.399999618530273,20.399999618530273,19.5,19.5,427,0.0,0.0,S&SPOWER.NS
2021-03-19 00:00:00+05:30,19.200000762939453,19.399999618530273,18.549999237060547,19.350000381469727,1649,0.0,0.0,S&SPOWER.NS
2021-03-22 00:00:00+05:30,18.399999618530273,20.100000381469727,18.399999618530273,19.850000381469727,3573,0.0,0.0,S&SPOWER.NS
2021-03-23 00:00:00+05:30,19.149999618530273,20.799999237060547,18.899999618530273,20.799999237060547,2638,0.0,0.0,S&SPOWER.NS
2021-03-24 00:00:00+05:30,20.799999237060547,21.799999237060547,19.799999237060547,19.799999237060547,961,0.0,0.0,S&SPOWER.NS
2021-03-25 00:00:00+05:30,20.75,20.75,19.799999237060547,20.25,825,0.0,0.0,S&SPOWER.NS
2021-03-26 00:00:00+05:30,20.649999618530273,21.25,19.299999237060547,19.399999618530273,1092,0.0,0.0,S&SPOWER.NS
2021-03-30 00:00:00+05:30,19.399999618530273,20.299999237060547,18.450000762939453,20.0,2752,0.0,0.0,S&SPOWER.NS
2021-03-31 00:00:00+05:30,19.950000762939453,20.200000762939453,19.100000381469727,20.200000762939453,4386,0.0,0.0,S&SPOWER.NS
2021-04-01 00:00:00+05:30,19.549999237060547,20.049999237060547,19.549999237060547,19.850000381469727,1567,0.0,0.0,S&SPOWER.NS
2021-04-05 00:00:00+05:30,20.799999237060547,20.799999237060547,19.549999237060547,20.200000762939453,4612,0.0,0.0,S&SPOWER.NS
2021-04-06 00:00:00+05:30,19.25,20.799999237060547,19.25,20.799999237060547,117,0.0,0.0,S&SPOWER.NS
2021-04-07 00:00:00+05:30,21.0,21.0,20.0,20.5,552,0.0,0.0,S&SPOWER.NS
2021-04-08 00:00:00+05:30,21.5,21.5,20.049999237060547,20.799999237060547,658,0.0,0.0,S&SPOWER.NS
2021-04-09 00:00:00+05:30,20.049999237060547,21.799999237060547,20.0,20.0,921,0.0,0.0,S&SPOWER.NS
2021-04-12 00:00:00+05:30,19.799999237060547,21.0,19.0,20.149999618530273,1354,0.0,0.0,S&SPOWER.NS
2021-04-13 00:00:00+05:30,19.350000381469727,21.0,19.200000762939453,20.950000762939453,4765,0.0,0.0,S&SPOWER.NS
2021-04-15 00:00:00+05:30,21.0,21.0,19.950000762939453,20.0,5098,0.0,0.0,S&SPOWER.NS
2021-04-16 00:00:00+05:30,19.0,21.0,19.0,19.200000762939453,2216,0.0,0.0,S&SPOWER.NS
2021-04-19 00:00:00+05:30,19.0,19.950000762939453,19.0,19.799999237060547,337,0.0,0.0,S&SPOWER.NS
2021-04-20 00:00:00+05:30,19.799999237060547,19.799999237060547,19.0,19.799999237060547,94,0.0,0.0,S&SPOWER.NS
2021-04-22 00:00:00+05:30,19.799999237060547,20.700000762939453,19.0,20.700000762939453,767,0.0,0.0,S&SPOWER.NS
2021-04-23 00:00:00+05:30,21.5,21.5,19.75,20.0,708,0.0,0.0,S&SPOWER.NS
2021-04-26 00:00:00+05:30,20.0,21.0,20.0,20.850000381469727,699,0.0,0.0,S&SPOWER.NS
2021-04-27 00:00:00+05:30,19.850000381469727,21.850000381469727,19.850000381469727,21.0,304,0.0,0.0,S&SPOWER.NS
2021-04-28 00:00:00+05:30,21.850000381469727,21.850000381469727,19.950000762939453,21.799999237060547,981,0.0,0.0,S&SPOWER.NS
2021-04-29 00:00:00+05:30,22.049999237060547,22.049999237060547,20.75,21.850000381469727,1072,0.0,0.0,S&SPOWER.NS
2021-04-30 00:00:00+05:30,22.75,22.75,22.0,22.0,286,0.0,0.0,S&SPOWER.NS
2021-05-03 00:00:00+05:30,22.0,22.0,21.5,21.5,2,0.0,0.0,S&SPOWER.NS
2021-05-04 00:00:00+05:30,22.25,22.25,20.450000762939453,20.450000762939453,1455,0.0,0.0,S&SPOWER.NS
2021-05-05 00:00:00+05:30,19.5,21.450000762939453,19.5,20.200000762939453,413,0.0,0.0,S&SPOWER.NS
2021-05-06 00:00:00+05:30,21.200000762939453,21.200000762939453,19.950000762939453,20.899999618530273,904,0.0,0.0,S&SPOWER.NS
2021-05-07 00:00:00+05:30,20.0,21.149999618530273,19.950000762939453,20.049999237060547,5597,0.0,0.0,S&SPOWER.NS
2021-05-10 00:00:00+05:30,21.0,21.049999237060547,20.0,20.100000381469727,743,0.0,0.0,S&SPOWER.NS
2021-05-11 00:00:00+05:30,20.950000762939453,20.950000762939453,19.549999237060547,19.75,5963,0.0,0.0,S&SPOWER.NS
2021-05-12 00:00:00+05:30,20.5,20.5,19.5,20.0,16994,0.0,0.0,S&SPOWER.NS
2021-05-14 00:00:00+05:30,19.100000381469727,21.0,19.100000381469727,20.149999618530273,1315,0.0,0.0,S&SPOWER.NS
2021-05-17 00:00:00+05:30,20.899999618530273,20.899999618530273,19.5,20.0,26082,0.0,0.0,S&SPOWER.NS
2021-05-18 00:00:00+05:30,19.950000762939453,21.0,19.350000381469727,19.75,5892,0.0,0.0,S&SPOWER.NS
2021-05-19 00:00:00+05:30,20.649999618530273,20.700000762939453,19.5,19.549999237060547,2219,0.0,0.0,S&SPOWER.NS
2021-05-20 00:00:00+05:30,20.399999618530273,20.399999618530273,19.649999618530273,20.0,3566,0.0,0.0,S&SPOWER.NS
2021-05-21 00:00:00+05:30,20.899999618530273,20.899999618530273,19.25,20.549999237060547,2698,0.0,0.0,S&SPOWER.NS
2021-05-24 00:00:00+05:30,21.5,21.5,19.649999618530273,19.799999237060547,3645,0.0,0.0,S&SPOWER.NS
2021-05-25 00:00:00+05:30,20.5,20.5,19.600000381469727,19.600000381469727,1747,0.0,0.0,S&SPOWER.NS
2021-05-26 00:00:00+05:30,20.350000381469727,20.549999237060547,18.75,20.200000762939453,3697,0.0,0.0,S&SPOWER.NS
2021-05-27 00:00:00+05:30,21.149999618530273,21.149999618530273,19.5,19.850000381469727,4396,0.0,0.0,S&SPOWER.NS
2021-05-28 00:00:00+05:30,20.75,20.799999237060547,19.75,19.850000381469727,1784,0.0,0.0,S&SPOWER.NS
2021-05-31 00:00:00+05:30,20.799999237060547,20.799999237060547,18.899999618530273,18.899999618530273,27924,0.0,0.0,S&SPOWER.NS
2021-06-01 00:00:00+05:30,19.799999237060547,19.799999237060547,19.100000381469727,19.5,1769,0.0,0.0,S&SPOWER.NS
2021-06-02 00:00:00+05:30,20.450000762939453,20.450000762939453,19.0,20.200000762939453,3286,0.0,0.0,S&SPOWER.NS
2021-06-03 00:00:00+05:30,21.0,21.200000762939453,19.799999237060547,20.0,5704,0.0,0.0,S&SPOWER.NS
2021-06-04 00:00:00+05:30,19.649999618530273,20.25,19.5,19.799999237060547,2333,0.0,0.0,S&SPOWER.NS
2021-06-07 00:00:00+05:30,20.799999237060547,20.799999237060547,20.0,20.600000381469727,3690,0.0,0.0,S&SPOWER.NS
2021-06-08 00:00:00+05:30,20.850000381469727,22.649999618530273,19.350000381469727,22.649999618530273,15166,0.0,0.0,S&SPOWER.NS
2021-06-09 00:00:00+05:30,24.899999618530273,24.899999618530273,24.0,24.5,26518,0.0,0.0,S&SPOWER.NS
2021-06-10 00:00:00+05:30,25.700000762939453,26.950000762939453,25.149999618530273,26.850000381469727,26579,0.0,0.0,S&SPOWER.NS
2021-06-11 00:00:00+05:30,26.850000381469727,27.950000762939453,25.549999237060547,26.100000381469727,17563,0.0,0.0,S&SPOWER.NS
2021-06-14 00:00:00+05:30,26.100000381469727,26.100000381469727,24.799999237060547,24.799999237060547,5957,0.0,0.0,S&SPOWER.NS
2021-06-15 00:00:00+05:30,23.600000381469727,24.700000762939453,23.600000381469727,23.899999618530273,6308,0.0,0.0,S&SPOWER.NS
2021-06-16 00:00:00+05:30,23.049999237060547,24.299999237060547,22.75,23.200000762939453,5477,0.0,0.0,S&SPOWER.NS
2021-06-17 00:00:00+05:30,24.350000381469727,24.350000381469727,22.100000381469727,24.350000381469727,4751,0.0,0.0,S&SPOWER.NS
2021-06-18 00:00:00+05:30,23.149999618530273,23.950000762939453,23.149999618530273,23.950000762939453,1040,0.0,0.0,S&SPOWER.NS
2021-06-21 00:00:00+05:30,23.149999618530273,24.450000762939453,22.850000381469727,24.450000762939453,2876,0.0,0.0,S&SPOWER.NS
2021-06-22 00:00:00+05:30,24.450000762939453,24.450000762939453,23.25,23.649999618530273,2295,0.0,0.0,S&SPOWER.NS
2021-06-23 00:00:00+05:30,23.700000762939453,23.700000762939453,22.5,22.649999618530273,1510,0.0,0.0,S&SPOWER.NS
2021-06-24 00:00:00+05:30,23.75,23.75,22.649999618530273,22.75,262,0.0,0.0,S&SPOWER.NS
2021-06-25 00:00:00+05:30,22.5,23.600000381469727,22.5,23.399999618530273,1255,0.0,0.0,S&SPOWER.NS
2021-06-28 00:00:00+05:30,24.25,24.25,22.25,22.549999237060547,3441,0.0,0.0,S&SPOWER.NS
2021-06-29 00:00:00+05:30,23.450000762939453,23.5,22.5,23.149999618530273,977,0.0,0.0,S&SPOWER.NS
2021-06-30 00:00:00+05:30,23.149999618530273,23.149999618530273,22.100000381469727,22.100000381469727,1774,0.0,0.0,S&SPOWER.NS
2021-07-01 00:00:00+05:30,22.100000381469727,22.700000762939453,22.049999237060547,22.100000381469727,75,0.0,0.0,S&SPOWER.NS
2021-07-02 00:00:00+05:30,22.0,22.0,21.25,21.299999237060547,443,0.0,0.0,S&SPOWER.NS
2021-07-05 00:00:00+05:30,20.350000381469727,21.0,20.299999237060547,20.549999237060547,1569,0.0,0.0,S&SPOWER.NS
2021-07-06 00:00:00+05:30,20.549999237060547,21.5,19.600000381469727,21.5,1087,0.0,0.0,S&SPOWER.NS
2021-07-07 00:00:00+05:30,22.549999237060547,22.549999237060547,20.549999237060547,21.600000381469727,2291,0.0,0.0,S&SPOWER.NS
2021-07-08 00:00:00+05:30,21.600000381469727,21.600000381469727,21.5,21.5,671,0.0,0.0,S&SPOWER.NS
2021-07-09 00:00:00+05:30,21.5,21.5,20.450000762939453,20.450000762939453,2001,0.0,0.0,S&SPOWER.NS
2021-07-12 00:00:00+05:30,20.450000762939453,21.350000381469727,19.5,21.25,2423,0.0,0.0,S&SPOWER.NS
2021-07-13 00:00:00+05:30,21.25,21.25,20.200000762939453,21.0,302,0.0,0.0,S&SPOWER.NS
2021-07-14 00:00:00+05:30,21.0,21.0,20.100000381469727,20.100000381469727,1848,0.0,0.0,S&SPOWER.NS
2021-07-15 00:00:00+05:30,21.0,21.100000381469727,19.350000381469727,19.950000762939453,5010,0.0,0.0,S&SPOWER.NS
2021-07-16 00:00:00+05:30,19.950000762939453,20.799999237060547,19.950000762939453,20.799999237060547,827,0.0,0.0,S&SPOWER.NS
2021-07-19 00:00:00+05:30,20.799999237060547,21.049999237060547,20.5,21.0,2732,0.0,0.0,S&SPOWER.NS
2021-07-20 00:00:00+05:30,20.049999237060547,21.950000762939453,20.0,21.0,834,0.0,0.0,S&SPOWER.NS
2021-07-22 00:00:00+05:30,21.0,21.0,19.950000762939453,20.049999237060547,1811,0.0,0.0,S&SPOWER.NS
2021-07-23 00:00:00+05:30,19.75,20.649999618530273,19.700000762939453,20.25,1866,0.0,0.0,S&SPOWER.NS
2021-07-26 00:00:00+05:30,19.299999237060547,21.0,19.299999237060547,20.200000762939453,6227,0.0,0.0,S&SPOWER.NS
2021-07-27 00:00:00+05:30,19.299999237060547,21.200000762939453,19.299999237060547,20.049999237060547,826,0.0,0.0,S&SPOWER.NS
2021-07-28 00:00:00+05:30,19.299999237060547,21.0,19.299999237060547,19.899999618530273,4275,0.0,0.0,S&SPOWER.NS
2021-07-29 00:00:00+05:30,19.899999618530273,20.850000381469727,19.899999618530273,20.850000381469727,5733,0.0,0.0,S&SPOWER.NS
2021-07-30 00:00:00+05:30,21.5,21.850000381469727,20.399999618530273,21.25,4238,0.0,0.0,S&SPOWER.NS
2021-08-02 00:00:00+05:30,22.200000762939453,22.200000762939453,21.25,21.850000381469727,3987,0.0,0.0,S&SPOWER.NS
2021-08-03 00:00:00+05:30,20.850000381469727,22.899999618530273,20.850000381469727,22.200000762939453,4453,0.0,0.0,S&SPOWER.NS
2021-08-04 00:00:00+05:30,22.200000762939453,22.200000762939453,21.299999237060547,21.350000381469727,2227,0.0,0.0,S&SPOWER.NS
2021-08-05 00:00:00+05:30,21.350000381469727,21.950000762939453,20.549999237060547,21.899999618530273,533,0.0,0.0,S&SPOWER.NS
2021-08-06 00:00:00+05:30,21.5,23.25,20.549999237060547,21.899999618530273,3257,0.0,0.0,S&SPOWER.NS
2021-08-09 00:00:00+05:30,20.200000762939453,23.850000381469727,19.899999618530273,21.549999237060547,4584,0.0,0.0,S&SPOWER.NS
2021-08-10 00:00:00+05:30,21.0,21.0,19.799999237060547,19.850000381469727,1840,0.0,0.0,S&SPOWER.NS
2021-08-11 00:00:00+05:30,19.850000381469727,21.100000381469727,18.350000381469727,20.5,2106,0.0,0.0,S&SPOWER.NS
2021-08-12 00:00:00+05:30,21.25,21.25,20.5,20.75,1560,0.0,0.0,S&SPOWER.NS
2021-08-13 00:00:00+05:30,20.75,22.049999237060547,20.549999237060547,21.899999618530273,3009,0.0,0.0,S&SPOWER.NS
2021-08-16 00:00:00+05:30,24.0,24.049999237060547,20.100000381469727,21.25,8313,0.0,0.0,S&SPOWER.NS
2021-08-17 00:00:00+05:30,21.100000381469727,21.850000381469727,19.799999237060547,20.149999618530273,3800,0.0,0.0,S&SPOWER.NS
2021-08-18 00:00:00+05:30,22.149999618530273,22.149999618530273,21.100000381469727,22.149999618530273,17297,0.0,0.0,S&SPOWER.NS
2021-08-20 00:00:00+05:30,22.299999237060547,24.350000381469727,22.149999618530273,24.350000381469727,27090,0.0,0.0,S&SPOWER.NS
2021-08-23 00:00:00+05:30,25.899999618530273,26.75,22.0,26.75,73265,0.0,0.0,S&SPOWER.NS
2021-08-24 00:00:00+05:30,29.0,29.399999618530273,27.149999618530273,29.399999618530273,48512,0.0,0.0,S&SPOWER.NS
2021-08-25 00:00:00+05:30,30.850000381469727,30.850000381469727,30.100000381469727,30.850000381469727,8482,0.0,0.0,S&SPOWER.NS
2021-08-26 00:00:00+05:30,32.349998474121094,32.349998474121094,32.349998474121094,32.349998474121094,1146,0.0,0.0,S&SPOWER.NS
2021-08-27 00:00:00+05:30,33.95000076293945,33.95000076293945,31.0,33.95000076293945,29474,0.0,0.0,S&SPOWER.NS
2021-08-30 00:00:00+05:30,32.29999923706055,35.599998474121094,32.29999923706055,33.099998474121094,16107,0.0,0.0,S&SPOWER.NS
2021-08-31 00:00:00+05:30,31.450000762939453,32.45000076293945,31.450000762939453,31.450000762939453,3539,0.0,0.0,S&SPOWER.NS
2021-09-01 00:00:00+05:30,29.899999618530273,29.899999618530273,29.899999618530273,29.899999618530273,1479,0.0,0.0,S&SPOWER.NS
2021-09-02 00:00:00+05:30,29.899999618530273,29.899999618530273,28.450000762939453,28.450000762939453,296,0.0,0.0,S&SPOWER.NS
2021-09-03 00:00:00+05:30,28.350000381469727,28.350000381469727,27.850000381469727,27.850000381469727,1654,0.0,0.0,S&SPOWER.NS
2021-09-06 00:00:00+05:30,27.850000381469727,27.850000381469727,26.5,26.5,1736,0.0,0.0,S&SPOWER.NS
2021-09-07 00:00:00+05:30,26.5,26.5,26.0,26.0,1296,0.0,0.0,S&SPOWER.NS
2021-09-08 00:00:00+05:30,24.700000762939453,24.700000762939453,24.700000762939453,24.700000762939453,445,0.0,0.0,S&SPOWER.NS
2021-09-09 00:00:00+05:30,23.5,24.700000762939453,23.5,23.549999237060547,8535,0.0,0.0,S&SPOWER.NS
2021-09-13 00:00:00+05:30,23.600000381469727,23.649999618530273,22.399999618530273,22.450000762939453,743,0.0,0.0,S&SPOWER.NS
2021-09-14 00:00:00+05:30,21.350000381469727,23.549999237060547,21.350000381469727,23.549999237060547,1403,0.0,0.0,S&SPOWER.NS
2021-09-15 00:00:00+05:30,22.450000762939453,24.700000762939453,22.450000762939453,24.399999618530273,1675,0.0,0.0,S&SPOWER.NS
2021-09-16 00:00:00+05:30,24.399999618530273,24.399999618530273,23.450000762939453,24.399999618530273,434,0.0,0.0,S&SPOWER.NS
2021-09-17 00:00:00+05:30,23.25,25.600000381469727,23.25,25.549999237060547,756,0.0,0.0,S&SPOWER.NS
2021-09-20 00:00:00+05:30,24.299999237060547,24.299999237060547,24.299999237060547,24.299999237060547,800,0.0,0.0,S&SPOWER.NS
2021-09-21 00:00:00+05:30,23.100000381469727,23.149999618530273,23.100000381469727,23.100000381469727,342,0.0,0.0,S&SPOWER.NS
2021-09-22 00:00:00+05:30,22.100000381469727,24.25,22.0,22.049999237060547,3452,0.0,0.0,S&SPOWER.NS
2021-09-23 00:00:00+05:30,22.0,23.149999618530273,21.149999618530273,23.149999618530273,509,0.0,0.0,S&SPOWER.NS
2021-09-24 00:00:00+05:30,23.100000381469727,24.299999237060547,22.0,24.299999237060547,1763,0.0,0.0,S&SPOWER.NS
2021-09-27 00:00:00+05:30,23.100000381469727,23.100000381469727,23.100000381469727,23.100000381469727,82,0.0,0.0,S&SPOWER.NS
2021-09-28 00:00:00+05:30,22.0,24.200000762939453,22.0,24.200000762939453,383,0.0,0.0,S&SPOWER.NS
2021-09-29 00:00:00+05:30,23.0,24.0,23.0,23.0,2041,0.0,0.0,S&SPOWER.NS
2021-09-30 00:00:00+05:30,22.0,24.0,22.0,23.950000762939453,3396,0.0,0.0,S&SPOWER.NS
2021-10-01 00:00:00+05:30,23.899999618530273,25.100000381469727,23.899999618530273,25.100000381469727,495,0.0,0.0,S&SPOWER.NS
2021-10-04 00:00:00+05:30,26.25,26.350000381469727,24.149999618530273,26.350000381469727,2074,0.0,0.0,S&SPOWER.NS
2021-10-05 00:00:00+05:30,25.25,27.649999618530273,25.25,27.549999237060547,3506,0.0,0.0,S&SPOWER.NS
2021-10-06 00:00:00+05:30,26.25,28.799999237060547,26.25,28.799999237060547,101,0.0,0.0,S&SPOWER.NS
2021-10-07 00:00:00+05:30,28.799999237060547,28.799999237060547,28.799999237060547,28.799999237060547,0,0.0,0.0,S&SPOWER.NS
2021-10-08 00:00:00+05:30,28.799999237060547,28.799999237060547,28.799999237060547,28.799999237060547,0,0.0,0.0,S&SPOWER.NS
2021-10-11 00:00:00+05:30,28.799999237060547,29.0,27.399999618530273,28.5,3535,0.0,0.0,S&SPOWER.NS
2021-10-12 00:00:00+05:30,28.5,29.899999618530273,28.5,29.899999618530273,3108,0.0,0.0,S&SPOWER.NS
2021-10-13 00:00:00+05:30,31.299999237060547,31.350000381469727,29.299999237060547,31.299999237060547,11881,0.0,0.0,S&SPOWER.NS
2021-10-14 00:00:00+05:30,32.75,32.75,29.75,29.950000762939453,15728,0.0,0.0,S&SPOWER.NS
2021-10-18 00:00:00+05:30,31.399999618530273,31.399999618530273,31.350000381469727,31.399999618530273,4305,0.0,0.0,S&SPOWER.NS
2021-10-19 00:00:00+05:30,30.799999237060547,32.95000076293945,30.799999237060547,31.850000381469727,7227,0.0,0.0,S&SPOWER.NS
2021-10-20 00:00:00+05:30,31.0,32.79999923706055,30.299999237060547,30.549999237060547,5677,0.0,0.0,S&SPOWER.NS
2021-10-21 00:00:00+05:30,32.0,32.0,29.049999237060547,29.950000762939453,4170,0.0,0.0,S&SPOWER.NS
2021-10-22 00:00:00+05:30,30.0,31.350000381469727,28.5,28.649999618530273,3226,0.0,0.0,S&SPOWER.NS
2021-10-25 00:00:00+05:30,27.5,28.450000762939453,27.25,28.200000762939453,3182,0.0,0.0,S&SPOWER.NS
2021-10-26 00:00:00+05:30,27.450000762939453,29.399999618530273,27.0,27.600000381469727,4699,0.0,0.0,S&SPOWER.NS
2021-10-27 00:00:00+05:30,28.950000762939453,28.950000762939453,26.600000381469727,27.100000381469727,1422,0.0,0.0,S&SPOWER.NS
2021-10-28 00:00:00+05:30,26.299999237060547,28.450000762939453,26.299999237060547,28.399999618530273,3629,0.0,0.0,S&SPOWER.NS
2021-10-29 00:00:00+05:30,29.700000762939453,29.799999237060547,27.700000762939453,28.25,3272,0.0,0.0,S&SPOWER.NS
2021-11-01 00:00:00+05:30,29.5,29.649999618530273,27.350000381469727,28.149999618530273,3596,0.0,0.0,S&SPOWER.NS
2021-11-02 00:00:00+05:30,29.5,29.549999237060547,27.350000381469727,29.350000381469727,1033,0.0,0.0,S&SPOWER.NS
2021-11-03 00:00:00+05:30,29.5,30.799999237060547,28.049999237060547,29.0,2244,0.0,0.0,S&SPOWER.NS
2021-11-04 00:00:00+05:30,29.600000381469727,30.450000762939453,27.549999237060547,29.049999237060547,673,0.0,0.0,S&SPOWER.NS
2021-11-08 00:00:00+05:30,30.450000762939453,30.5,29.5,30.399999618530273,9374,0.0,0.0,S&SPOWER.NS
2021-11-09 00:00:00+05:30,31.850000381469727,31.899999618530273,29.350000381469727,31.899999618530273,8185,0.0,0.0,S&SPOWER.NS
2021-11-10 00:00:00+05:30,33.45000076293945,33.45000076293945,33.45000076293945,33.45000076293945,4484,0.0,0.0,S&SPOWER.NS
2021-11-11 00:00:00+05:30,35.0,35.099998474121094,35.0,35.099998474121094,2921,0.0,0.0,S&SPOWER.NS
2021-11-12 00:00:00+05:30,36.849998474121094,36.849998474121094,36.849998474121094,36.849998474121094,1412,0.0,0.0,S&SPOWER.NS
2021-11-15 00:00:00+05:30,38.650001525878906,38.650001525878906,35.04999923706055,35.79999923706055,8529,0.0,0.0,S&SPOWER.NS
2021-11-16 00:00:00+05:30,35.79999923706055,35.79999923706055,34.04999923706055,34.04999923706055,216,0.0,0.0,S&SPOWER.NS
2021-11-17 00:00:00+05:30,34.04999923706055,34.04999923706055,32.349998474121094,32.349998474121094,267,0.0,0.0,S&SPOWER.NS
2021-11-18 00:00:00+05:30,30.75,30.75,30.75,30.75,1111,0.0,0.0,S&SPOWER.NS
2021-11-22 00:00:00+05:30,30.75,30.75,29.700000762939453,29.700000762939453,161,0.0,0.0,S&SPOWER.NS
2021-11-23 00:00:00+05:30,29.0,29.700000762939453,28.25,28.350000381469727,2069,0.0,0.0,S&SPOWER.NS
2021-11-24 00:00:00+05:30,28.350000381469727,28.350000381469727,27.0,27.0,972,0.0,0.0,S&SPOWER.NS
2021-11-25 00:00:00+05:30,27.0,27.0,25.649999618530273,25.649999618530273,1620,0.0,0.0,S&SPOWER.NS
2021-11-26 00:00:00+05:30,25.649999618530273,26.899999618530273,24.399999618530273,24.600000381469727,2735,0.0,0.0,S&SPOWER.NS
2021-11-29 00:00:00+05:30,24.600000381469727,25.75,24.600000381469727,25.75,637,0.0,0.0,S&SPOWER.NS
2021-11-30 00:00:00+05:30,25.75,25.75,25.75,25.75,4,0.0,0.0,S&SPOWER.NS
2021-12-01 00:00:00+05:30,24.950000762939453,24.950000762939453,24.950000762939453,24.950000762939453,11,0.0,0.0,S&SPOWER.NS
2021-12-02 00:00:00+05:30,24.950000762939453,24.950000762939453,24.950000762939453,24.950000762939453,1,0.0,0.0,S&SPOWER.NS
2021-12-03 00:00:00+05:30,23.75,26.149999618530273,23.75,24.950000762939453,376,0.0,0.0,S&SPOWER.NS
2021-12-06 00:00:00+05:30,24.299999237060547,24.299999237060547,23.799999237060547,23.850000381469727,188,0.0,0.0,S&SPOWER.NS
2021-12-07 00:00:00+05:30,22.700000762939453,23.850000381469727,22.700000762939453,23.149999618530273,170,0.0,0.0,S&SPOWER.NS
2021-12-08 00:00:00+05:30,24.049999237060547,24.100000381469727,24.0,24.100000381469727,223,0.0,0.0,S&SPOWER.NS
2021-12-09 00:00:00+05:30,23.899999618530273,23.899999618530273,23.899999618530273,23.899999618530273,224,0.0,0.0,S&SPOWER.NS
2021-12-10 00:00:00+05:30,25.049999237060547,25.049999237060547,23.149999618530273,25.049999237060547,542,0.0,0.0,S&SPOWER.NS
2021-12-13 00:00:00+05:30,24.0,26.299999237060547,23.850000381469727,24.350000381469727,714,0.0,0.0,S&SPOWER.NS
2021-12-14 00:00:00+05:30,24.350000381469727,25.0,23.149999618530273,25.0,136,0.0,0.0,S&SPOWER.NS
2021-12-15 00:00:00+05:30,26.25,26.25,26.25,26.25,656,0.0,0.0,S&SPOWER.NS
2021-12-16 00:00:00+05:30,26.25,27.549999237060547,26.25,27.549999237060547,110,0.0,0.0,S&SPOWER.NS
2021-12-17 00:00:00+05:30,27.549999237060547,28.100000381469727,26.200000762939453,26.200000762939453,4645,0.0,0.0,S&SPOWER.NS
2021-12-20 00:00:00+05:30,26.200000762939453,26.200000762939453,24.899999618530273,26.0,461,0.0,0.0,S&SPOWER.NS
2021-12-21 00:00:00+05:30,26.0,27.299999237060547,24.75,27.299999237060547,1575,0.0,0.0,S&SPOWER.NS
2021-12-22 00:00:00+05:30,28.600000381469727,28.649999618530273,26.049999237060547,28.5,2149,0.0,0.0,S&SPOWER.NS
2021-12-23 00:00:00+05:30,29.899999618530273,29.899999618530273,27.200000762939453,29.899999618530273,3925,0.0,0.0,S&SPOWER.NS
2021-12-24 00:00:00+05:30,31.350000381469727,31.350000381469727,28.649999618530273,31.350000381469727,6133,0.0,0.0,S&SPOWER.NS
2021-12-27 00:00:00+05:30,32.900001525878906,32.900001525878906,30.149999618530273,32.900001525878906,3601,0.0,0.0,S&SPOWER.NS
2021-12-28 00:00:00+05:30,34.5,34.5,33.599998474121094,34.5,1770,0.0,0.0,S&SPOWER.NS
2021-12-29 00:00:00+05:30,36.20000076293945,36.20000076293945,32.79999923706055,33.70000076293945,9517,0.0,0.0,S&SPOWER.NS
2021-12-30 00:00:00+05:30,33.70000076293945,33.70000076293945,33.70000076293945,33.70000076293945,0,0.0,0.0,S&SPOWER.NS
2021-12-31 00:00:00+05:30,33.04999923706055,33.04999923706055,32.5,32.95000076293945,380,0.0,0.0,S&SPOWER.NS
2022-01-03 00:00:00+05:30,32.95000076293945,32.95000076293945,32.95000076293945,32.95000076293945,0,0.0,0.0,S&SPOWER.NS
2022-01-04 00:00:00+05:30,32.95000076293945,32.95000076293945,32.95000076293945,32.95000076293945,0,0.0,0.0,S&SPOWER.NS
2022-01-05 00:00:00+05:30,32.95000076293945,32.95000076293945,32.95000076293945,32.95000076293945,0,0.0,0.0,S&SPOWER.NS
2022-01-06 00:00:00+05:30,32.95000076293945,32.95000076293945,32.95000076293945,32.95000076293945,0,0.0,0.0,S&SPOWER.NS
2022-01-07 00:00:00+05:30,32.95000076293945,32.95000076293945,32.95000076293945,32.95000076293945,0,0.0,0.0,S&SPOWER.NS
2022-01-10 00:00:00+05:30,32.95000076293945,32.95000076293945,32.95000076293945,32.95000076293945,0,0.0,0.0,S&SPOWER.NS
2022-01-11 00:00:00+05:30,32.95000076293945,32.95000076293945,32.95000076293945,32.95000076293945,0,0.0,0.0,S&SPOWER.NS
2022-01-12 00:00:00+05:30,31.350000381469727,31.350000381469727,31.350000381469727,31.350000381469727,10,0.0,0.0,S&SPOWER.NS
2022-01-13 00:00:00+05:30,29.799999237060547,29.799999237060547,29.799999237060547,29.799999237060547,25,0.0,0.0,S&SPOWER.NS
2022-01-14 00:00:00+05:30,29.799999237060547,29.799999237060547,29.799999237060547,29.799999237060547,0,0.0,0.0,S&SPOWER.NS
2022-01-17 00:00:00+05:30,29.450000762939453,29.450000762939453,29.450000762939453,29.450000762939453,276,0.0,0.0,S&SPOWER.NS
2022-01-18 00:00:00+05:30,29.450000762939453,29.450000762939453,29.450000762939453,29.450000762939453,1,0.0,0.0,S&SPOWER.NS
2022-01-19 00:00:00+05:30,29.450000762939453,29.450000762939453,29.450000762939453,29.450000762939453,0,0.0,0.0,S&SPOWER.NS
2022-01-20 00:00:00+05:30,29.450000762939453,29.450000762939453,29.450000762939453,29.450000762939453,0,0.0,0.0,S&SPOWER.NS
2022-01-21 00:00:00+05:30,29.450000762939453,29.450000762939453,29.450000762939453,29.450000762939453,0,0.0,0.0,S&SPOWER.NS
2022-01-24 00:00:00+05:30,29.450000762939453,29.450000762939453,29.450000762939453,29.450000762939453,0,0.0,0.0,S&SPOWER.NS
2022-01-25 00:00:00+05:30,29.450000762939453,29.450000762939453,29.450000762939453,29.450000762939453,0,0.0,0.0,S&SPOWER.NS
2022-01-27 00:00:00+05:30,29.450000762939453,29.450000762939453,29.450000762939453,29.450000762939453,0,0.0,0.0,S&SPOWER.NS
2022-01-28 00:00:00+05:30,29.450000762939453,29.450000762939453,29.450000762939453,29.450000762939453,0,0.0,0.0,S&SPOWER.NS
2022-01-31 00:00:00+05:30,29.450000762939453,29.450000762939453,29.450000762939453,29.450000762939453,0,0.0,0.0,S&SPOWER.NS
2022-02-01 00:00:00+05:30,28.0,28.0,28.0,28.0,9,0.0,0.0,S&SPOWER.NS
2022-02-02 00:00:00+05:30,27.0,27.0,27.0,27.0,100,0.0,0.0,S&SPOWER.NS
2022-02-03 00:00:00+05:30,26.850000381469727,26.850000381469727,26.850000381469727,26.850000381469727,1,0.0,0.0,S&SPOWER.NS
2022-02-04 00:00:00+05:30,26.0,26.0,25.549999237060547,25.549999237060547,364,0.0,0.0,S&SPOWER.NS
2022-02-07 00:00:00+05:30,24.299999237060547,24.299999237060547,24.299999237060547,24.299999237060547,10,0.0,0.0,S&SPOWER.NS
2022-02-08 00:00:00+05:30,24.299999237060547,24.299999237060547,24.299999237060547,24.299999237060547,0,0.0,0.0,S&SPOWER.NS
2022-02-09 00:00:00+05:30,24.299999237060547,24.299999237060547,24.299999237060547,24.299999237060547,0,0.0,0.0,S&SPOWER.NS
2022-02-10 00:00:00+05:30,24.299999237060547,24.299999237060547,24.299999237060547,24.299999237060547,0,0.0,0.0,S&SPOWER.NS
2022-02-11 00:00:00+05:30,24.299999237060547,24.299999237060547,24.299999237060547,24.299999237060547,0,0.0,0.0,S&SPOWER.NS
2022-02-14 00:00:00+05:30,23.100000381469727,23.100000381469727,23.100000381469727,23.100000381469727,505,0.0,0.0,S&SPOWER.NS
2022-02-15 00:00:00+05:30,23.0,23.100000381469727,21.950000762939453,21.950000762939453,199,0.0,0.0,S&SPOWER.NS
2022-02-16 00:00:00+05:30,21.0,23.0,21.0,22.549999237060547,1746,0.0,0.0,S&SPOWER.NS
2022-02-17 00:00:00+05:30,22.0,22.0,21.450000762939453,22.0,464,0.0,0.0,S&SPOWER.NS
2022-02-18 00:00:00+05:30,22.0,23.100000381469727,20.899999618530273,22.899999618530273,255,0.0,0.0,S&SPOWER.NS
2022-02-21 00:00:00+05:30,24.0,24.0,21.799999237060547,22.200000762939453,1903,0.0,0.0,S&SPOWER.NS
2022-02-22 00:00:00+05:30,23.299999237060547,23.299999237060547,21.100000381469727,23.299999237060547,1696,0.0,0.0,S&SPOWER.NS
2022-02-23 00:00:00+05:30,23.299999237060547,23.299999237060547,22.25,22.350000381469727,1115,0.0,0.0,S&SPOWER.NS
2022-02-24 00:00:00+05:30,22.350000381469727,22.350000381469727,21.25,21.25,205,0.0,0.0,S&SPOWER.NS
2022-02-25 00:00:00+05:30,21.25,22.299999237060547,20.200000762939453,21.75,3949,0.0,0.0,S&SPOWER.NS
2022-02-28 00:00:00+05:30,22.799999237060547,22.799999237060547,20.700000762939453,20.700000762939453,491,0.0,0.0,S&SPOWER.NS
2022-03-02 00:00:00+05:30,20.299999237060547,21.700000762939453,19.700000762939453,20.100000381469727,490,0.0,0.0,S&SPOWER.NS
2022-03-03 00:00:00+05:30,19.75,21.100000381469727,19.75,21.100000381469727,769,0.0,0.0,S&SPOWER.NS
2022-03-04 00:00:00+05:30,21.0,22.149999618530273,21.0,21.0,698,0.0,0.0,S&SPOWER.NS
2022-03-07 00:00:00+05:30,21.700000762939453,21.700000762939453,19.950000762939453,21.5,543,0.0,0.0,S&SPOWER.NS
2022-03-08 00:00:00+05:30,22.549999237060547,22.549999237060547,21.700000762939453,21.700000762939453,173,0.0,0.0,S&SPOWER.NS
2022-03-09 00:00:00+05:30,21.700000762939453,22.549999237060547,20.75,20.850000381469727,583,0.0,0.0,S&SPOWER.NS
2022-03-10 00:00:00+05:30,20.700000762939453,21.450000762939453,20.700000762939453,21.450000762939453,16,0.0,0.0,S&SPOWER.NS
2022-03-11 00:00:00+05:30,20.549999237060547,21.149999618530273,20.549999237060547,21.149999618530273,86,0.0,0.0,S&SPOWER.NS
2022-03-14 00:00:00+05:30,21.600000381469727,22.149999618530273,20.450000762939453,22.149999618530273,1046,0.0,0.0,S&SPOWER.NS
2022-03-15 00:00:00+05:30,23.149999618530273,23.149999618530273,23.149999618530273,23.149999618530273,116,0.0,0.0,S&SPOWER.NS
2022-03-16 00:00:00+05:30,23.649999618530273,24.299999237060547,22.0,24.299999237060547,911,0.0,0.0,S&SPOWER.NS
2022-03-17 00:00:00+05:30,23.100000381469727,25.5,23.100000381469727,23.75,1819,0.0,0.0,S&SPOWER.NS
2022-03-21 00:00:00+05:30,22.600000381469727,24.899999618530273,22.600000381469727,24.899999618530273,790,0.0,0.0,S&SPOWER.NS
2022-03-22 00:00:00+05:30,24.899999618530273,25.799999237060547,23.899999618530273,25.0,829,0.0,0.0,S&SPOWER.NS
2022-03-23 00:00:00+05:30,26.100000381469727,26.100000381469727,23.75,25.950000762939453,1896,0.0,0.0,S&SPOWER.NS
2022-03-24 00:00:00+05:30,27.100000381469727,27.100000381469727,25.799999237060547,26.0,132,0.0,0.0,S&SPOWER.NS
2022-03-25 00:00:00+05:30,25.950000762939453,25.950000762939453,25.850000381469727,25.850000381469727,60,0.0,0.0,S&SPOWER.NS
2022-03-28 00:00:00+05:30,24.600000381469727,24.600000381469727,24.600000381469727,24.600000381469727,187,0.0,0.0,S&SPOWER.NS
2022-03-29 00:00:00+05:30,23.399999618530273,24.600000381469727,23.399999618530273,24.0,1307,0.0,0.0,S&SPOWER.NS
2022-03-30 00:00:00+05:30,24.0,25.149999618530273,23.049999237060547,24.649999618530273,1037,0.0,0.0,S&SPOWER.NS
2022-03-31 00:00:00+05:30,25.5,25.5,23.450000762939453,23.600000381469727,755,0.0,0.0,S&SPOWER.NS
2022-04-01 00:00:00+05:30,23.600000381469727,24.700000762939453,22.5,24.700000762939453,1540,0.0,0.0,S&SPOWER.NS
2022-04-04 00:00:00+05:30,25.200000762939453,25.899999618530273,23.75,24.200000762939453,1969,0.0,0.0,S&SPOWER.NS
2022-04-05 00:00:00+05:30,25.399999618530273,25.399999618530273,24.25,25.25,598,0.0,0.0,S&SPOWER.NS
2022-04-06 00:00:00+05:30,25.25,26.5,25.25,26.5,3467,0.0,0.0,S&SPOWER.NS
2022-04-07 00:00:00+05:30,29.149999618530273,29.149999618530273,29.149999618530273,29.149999618530273,8990,0.0,0.0,S&SPOWER.NS
2022-04-08 00:00:00+05:30,31.950000762939453,32.04999923706055,30.049999237060547,32.04999923706055,6624,0.0,0.0,S&SPOWER.NS
2022-04-11 00:00:00+05:30,34.79999923706055,35.25,33.099998474121094,35.25,8771,0.0,0.0,S&SPOWER.NS
2022-04-12 00:00:00+05:30,36.5,37.0,36.0,36.95000076293945,15727,0.0,0.0,S&SPOWER.NS
2022-04-13 00:00:00+05:30,35.95000076293945,35.95000076293945,35.5,35.5,525,0.0,0.0,S&SPOWER.NS
2022-04-18 00:00:00+05:30,35.5,35.5,35.5,35.5,0,0.0,0.0,S&SPOWER.NS
2022-04-19 00:00:00+05:30,35.5,35.5,35.5,35.5,0,0.0,0.0,S&SPOWER.NS
2022-04-20 00:00:00+05:30,35.5,35.5,35.5,35.5,0,0.0,0.0,S&SPOWER.NS
2022-04-21 00:00:00+05:30,35.5,35.5,35.5,35.5,0,0.0,0.0,S&SPOWER.NS
2022-04-22 00:00:00+05:30,35.5,35.5,35.5,35.5,0,0.0,0.0,S&SPOWER.NS
2022-04-25 00:00:00+05:30,33.75,33.75,33.75,33.75,1,0.0,0.0,S&SPOWER.NS
2022-04-26 00:00:00+05:30,33.75,33.75,33.75,33.75,0,0.0,0.0,S&SPOWER.NS
2022-04-27 00:00:00+05:30,33.75,33.75,33.75,33.75,0,0.0,0.0,S&SPOWER.NS
2022-04-28 00:00:00+05:30,33.75,33.75,33.75,33.75,0,0.0,0.0,S&SPOWER.NS
2022-04-29 00:00:00+05:30,33.75,33.75,33.75,33.75,0,0.0,0.0,S&SPOWER.NS
2022-05-02 00:00:00+05:30,33.75,33.75,33.75,33.75,0,0.0,0.0,S&SPOWER.NS
2022-05-04 00:00:00+05:30,33.75,33.75,33.75,33.75,0,0.0,0.0,S&SPOWER.NS
2022-05-05 00:00:00+05:30,33.75,33.75,33.75,33.75,0,0.0,0.0,S&SPOWER.NS
2022-05-06 00:00:00+05:30,33.75,33.75,33.75,33.75,0,0.0,0.0,S&SPOWER.NS
2022-05-09 00:00:00+05:30,33.75,33.75,33.75,33.75,0,0.0,0.0,S&SPOWER.NS
2022-05-10 00:00:00+05:30,33.75,33.75,33.75,33.75,0,0.0,0.0,S&SPOWER.NS
2022-05-11 00:00:00+05:30,33.75,33.75,33.75,33.75,0,0.0,0.0,S&SPOWER.NS
2022-05-12 00:00:00+05:30,33.75,33.75,33.75,33.75,0,0.0,0.0,S&SPOWER.NS
2022-05-13 00:00:00+05:30,33.75,33.75,33.75,33.75,0,0.0,0.0,S&SPOWER.NS
2022-05-16 00:00:00+05:30,33.75,33.75,33.75,33.75,0,0.0,0.0,S&SPOWER.NS
2022-05-17 00:00:00+05:30,33.75,33.75,33.75,33.75,0,0.0,0.0,S&SPOWER.NS
2022-05-18 00:00:00+05:30,33.75,33.75,33.75,33.75,0,0.0,0.0,S&SPOWER.NS
2022-05-19 00:00:00+05:30,33.75,33.75,33.75,33.75,0,0.0,0.0,S&SPOWER.NS
2022-05-20 00:00:00+05:30,33.75,33.75,33.75,33.75,0,0.0,0.0,S&SPOWER.NS
2022-05-23 00:00:00+05:30,33.75,33.75,33.75,33.75,0,0.0,0.0,S&SPOWER.NS
2022-05-24 00:00:00+05:30,33.75,33.75,33.75,33.75,0,0.0,0.0,S&SPOWER.NS
2022-05-25 00:00:00+05:30,33.75,33.75,33.75,33.75,0,0.0,0.0,S&SPOWER.NS
2022-05-26 00:00:00+05:30,33.75,33.75,33.75,33.75,0,0.0,0.0,S&SPOWER.NS
2022-05-27 00:00:00+05:30,33.75,33.75,33.75,33.75,0,0.0,0.0,S&SPOWER.NS
2022-05-30 00:00:00+05:30,33.75,33.75,33.75,33.75,0,0.0,0.0,S&SPOWER.NS
2022-05-31 00:00:00+05:30,33.75,33.75,33.75,33.75,0,0.0,0.0,S&SPOWER.NS
2022-06-01 00:00:00+05:30,33.75,33.75,33.75,33.75,0,0.0,0.0,S&SPOWER.NS
2022-06-02 00:00:00+05:30,33.75,33.75,33.75,33.75,0,0.0,0.0,S&SPOWER.NS
2022-06-03 00:00:00+05:30,33.75,33.75,33.75,33.75,0,0.0,0.0,S&SPOWER.NS
2022-06-06 00:00:00+05:30,33.75,33.75,33.75,33.75,0,0.0,0.0,S&SPOWER.NS
2022-06-07 00:00:00+05:30,33.75,33.75,33.75,33.75,0,0.0,0.0,S&SPOWER.NS
2022-06-08 00:00:00+05:30,33.75,33.75,33.75,33.75,0,0.0,0.0,S&SPOWER.NS
2022-06-09 00:00:00+05:30,33.75,33.75,33.75,33.75,0,0.0,0.0,S&SPOWER.NS
2022-06-10 00:00:00+05:30,33.75,33.75,33.75,33.75,0,0.0,0.0,S&SPOWER.NS
2022-06-13 00:00:00+05:30,33.75,33.75,33.75,33.75,0,0.0,0.0,S&SPOWER.NS
2022-06-14 00:00:00+05:30,33.75,33.75,33.75,33.75,0,0.0,0.0,S&SPOWER.NS
2022-06-15 00:00:00+05:30,33.75,33.75,33.75,33.75,0,0.0,0.0,S&SPOWER.NS
2022-06-16 00:00:00+05:30,33.75,33.75,33.75,33.75,0,0.0,0.0,S&SPOWER.NS
2022-06-17 00:00:00+05:30,33.75,33.75,33.75,33.75,0,0.0,0.0,S&SPOWER.NS
2022-06-20 00:00:00+05:30,33.75,33.75,33.75,33.75,0,0.0,0.0,S&SPOWER.NS
2022-06-21 00:00:00+05:30,33.75,33.75,33.75,33.75,0,0.0,0.0,S&SPOWER.NS
2022-06-22 00:00:00+05:30,33.75,33.75,33.75,33.75,0,0.0,0.0,S&SPOWER.NS
2022-06-23 00:00:00+05:30,33.75,33.75,33.75,33.75,0,0.0,0.0,S&SPOWER.NS
2022-06-24 00:00:00+05:30,33.75,33.75,33.75,33.75,0,0.0,0.0,S&SPOWER.NS
2022-06-27 00:00:00+05:30,33.75,33.75,33.75,33.75,0,0.0,0.0,S&SPOWER.NS
2022-06-28 00:00:00+05:30,33.75,33.75,33.75,33.75,0,0.0,0.0,S&SPOWER.NS
2022-06-29 00:00:00+05:30,33.75,33.75,33.75,33.75,0,0.0,0.0,S&SPOWER.NS
2022-06-30 00:00:00+05:30,33.75,33.75,33.75,33.75,0,0.0,0.0,S&SPOWER.NS
2022-07-01 00:00:00+05:30,33.75,33.75,33.75,33.75,0,0.0,0.0,S&SPOWER.NS
2022-07-04 00:00:00+05:30,33.75,33.75,33.75,33.75,0,0.0,0.0,S&SPOWER.NS
2022-07-05 00:00:00+05:30,33.75,33.75,33.75,33.75,0,0.0,0.0,S&SPOWER.NS
2022-07-06 00:00:00+05:30,33.75,33.75,33.75,33.75,0,0.0,0.0,S&SPOWER.NS
2022-07-07 00:00:00+05:30,33.75,33.75,33.75,33.75,0,0.0,0.0,S&SPOWER.NS
2022-07-08 00:00:00+05:30,33.75,33.75,33.75,33.75,0,0.0,0.0,S&SPOWER.NS
2022-07-11 00:00:00+05:30,33.75,33.75,33.75,33.75,0,0.0,0.0,S&SPOWER.NS
2022-07-12 00:00:00+05:30,33.75,33.75,33.75,33.75,0,0.0,0.0,S&SPOWER.NS
2022-07-13 00:00:00+05:30,33.75,33.75,33.75,33.75,0,0.0,0.0,S&SPOWER.NS
2022-07-14 00:00:00+05:30,33.75,33.75,33.75,33.75,0,0.0,0.0,S&SPOWER.NS
2022-07-15 00:00:00+05:30,33.75,33.75,33.75,33.75,0,0.0,0.0,S&SPOWER.NS
2022-07-18 00:00:00+05:30,33.75,33.75,33.75,33.75,0,0.0,0.0,S&SPOWER.NS
2022-07-19 00:00:00+05:30,33.75,33.75,33.75,33.75,0,0.0,0.0,S&SPOWER.NS
2022-07-20 00:00:00+05:30,33.75,33.75,33.75,33.75,0,0.0,0.0,S&SPOWER.NS
2022-07-21 00:00:00+05:30,33.75,33.75,33.75,33.75,0,0.0,0.0,S&SPOWER.NS
2022-07-22 00:00:00+05:30,33.75,33.75,33.75,33.75,0,0.0,0.0,S&SPOWER.NS
2022-07-25 00:00:00+05:30,33.75,33.75,33.75,33.75,0,0.0,0.0,S&SPOWER.NS
2022-07-26 00:00:00+05:30,33.75,33.75,33.75,33.75,0,0.0,0.0,S&SPOWER.NS
2022-07-27 00:00:00+05:30,33.75,33.75,33.75,33.75,0,0.0,0.0,S&SPOWER.NS
2022-07-28 00:00:00+05:30,33.75,33.75,33.75,33.75,0,0.0,0.0,S&SPOWER.NS
2022-07-29 00:00:00+05:30,33.75,33.75,33.75,33.75,0,0.0,0.0,S&SPOWER.NS
2022-08-01 00:00:00+05:30,32.099998474121094,32.099998474121094,32.099998474121094,32.099998474121094,25,0.0,0.0,S&SPOWER.NS
2022-08-02 00:00:00+05:30,32.099998474121094,32.099998474121094,32.099998474121094,32.099998474121094,0,0.0,0.0,S&SPOWER.NS
2022-08-03 00:00:00+05:30,32.099998474121094,32.099998474121094,32.099998474121094,32.099998474121094,0,0.0,0.0,S&SPOWER.NS
2022-08-04 00:00:00+05:30,32.099998474121094,32.099998474121094,32.099998474121094,32.099998474121094,0,0.0,0.0,S&SPOWER.NS
2022-08-05 00:00:00+05:30,32.099998474121094,32.099998474121094,32.099998474121094,32.099998474121094,0,0.0,0.0,S&SPOWER.NS
2022-08-08 00:00:00+05:30,32.099998474121094,32.099998474121094,32.099998474121094,32.099998474121094,0,0.0,0.0,S&SPOWER.NS
2022-08-10 00:00:00+05:30,32.099998474121094,32.099998474121094,32.099998474121094,32.099998474121094,0,0.0,0.0,S&SPOWER.NS
2022-08-11 00:00:00+05:30,32.099998474121094,32.099998474121094,32.099998474121094,32.099998474121094,0,0.0,0.0,S&SPOWER.NS
2022-08-12 00:00:00+05:30,32.099998474121094,32.099998474121094,32.099998474121094,32.099998474121094,0,0.0,0.0,S&SPOWER.NS
2022-08-16 00:00:00+05:30,32.099998474121094,32.099998474121094,32.099998474121094,32.099998474121094,0,0.0,0.0,S&SPOWER.NS
2022-08-17 00:00:00+05:30,32.099998474121094,32.099998474121094,32.099998474121094,32.099998474121094,0,0.0,0.0,S&SPOWER.NS
2022-08-18 00:00:00+05:30,32.099998474121094,32.099998474121094,32.099998474121094,32.099998474121094,0,0.0,0.0,S&SPOWER.NS
2022-08-19 00:00:00+05:30,32.099998474121094,32.099998474121094,32.099998474121094,32.099998474121094,0,0.0,0.0,S&SPOWER.NS
2022-08-22 00:00:00+05:30,32.099998474121094,32.099998474121094,32.099998474121094,32.099998474121094,0,0.0,0.0,S&SPOWER.NS
2022-08-23 00:00:00+05:30,32.099998474121094,32.099998474121094,32.099998474121094,32.099998474121094,0,0.0,0.0,S&SPOWER.NS
2022-08-24 00:00:00+05:30,32.099998474121094,32.099998474121094,32.099998474121094,32.099998474121094,0,0.0,0.0,S&SPOWER.NS
2022-08-25 00:00:00+05:30,32.099998474121094,32.099998474121094,32.099998474121094,32.099998474121094,0,0.0,0.0,S&SPOWER.NS
2022-08-26 00:00:00+05:30,32.099998474121094,32.099998474121094,32.099998474121094,32.099998474121094,0,0.0,0.0,S&SPOWER.NS
2022-08-29 00:00:00+05:30,32.099998474121094,32.099998474121094,32.099998474121094,32.099998474121094,0,0.0,0.0,S&SPOWER.NS
2022-08-30 00:00:00+05:30,30.5,30.5,30.5,30.5,5,0.0,0.0,S&SPOWER.NS
2022-09-01 00:00:00+05:30,29.0,29.0,29.0,29.0,210,0.0,0.0,S&SPOWER.NS
2022-09-02 00:00:00+05:30,27.549999237060547,27.549999237060547,27.549999237060547,27.549999237060547,10,0.0,0.0,S&SPOWER.NS
2022-09-05 00:00:00+05:30,26.200000762939453,26.200000762939453,26.200000762939453,26.200000762939453,10,0.0,0.0,S&SPOWER.NS
2022-09-06 00:00:00+05:30,24.899999618530273,24.899999618530273,24.899999618530273,24.899999618530273,25,0.0,0.0,S&SPOWER.NS
2022-09-07 00:00:00+05:30,24.899999618530273,24.899999618530273,24.899999618530273,24.899999618530273,0,0.0,0.0,S&SPOWER.NS
2022-09-08 00:00:00+05:30,22.549999237060547,22.549999237060547,22.549999237060547,22.549999237060547,10,0.0,0.0,S&SPOWER.NS
2022-09-09 00:00:00+05:30,21.450000762939453,21.450000762939453,21.450000762939453,21.450000762939453,10,0.0,0.0,S&SPOWER.NS
2022-09-12 00:00:00+05:30,20.399999618530273,20.399999618530273,20.399999618530273,20.399999618530273,201,0.0,0.0,S&SPOWER.NS
2022-09-13 00:00:00+05:30,19.399999618530273,19.399999618530273,19.399999618530273,19.399999618530273,762,0.0,0.0,S&SPOWER.NS
2022-09-14 00:00:00+05:30,20.0,20.0,18.450000762939453,18.450000762939453,5307,0.0,0.0,S&SPOWER.NS
2022-09-15 00:00:00+05:30,18.850000381469727,19.350000381469727,17.549999237060547,19.200000762939453,9461,0.0,0.0,S&SPOWER.NS
2022-09-16 00:00:00+05:30,20.149999618530273,20.149999618530273,18.649999618530273,19.5,10762,0.0,0.0,S&SPOWER.NS
2022-09-19 00:00:00+05:30,20.399999618530273,20.450000762939453,19.649999618530273,20.450000762939453,2687,0.0,0.0,S&SPOWER.NS
2022-09-20 00:00:00+05:30,21.399999618530273,21.450000762939453,20.899999618530273,21.450000762939453,2041,0.0,0.0,S&SPOWER.NS
2022-09-21 00:00:00+05:30,22.5,22.5,21.25,22.200000762939453,4773,0.0,0.0,S&SPOWER.NS
2022-09-22 00:00:00+05:30,23.25,23.299999237060547,22.149999618530273,23.299999237060547,2002,0.0,0.0,S&SPOWER.NS
2022-09-23 00:00:00+05:30,24.450000762939453,24.450000762939453,24.450000762939453,24.450000762939453,2075,0.0,0.0,S&SPOWER.NS
2022-09-26 00:00:00+05:30,25.649999618530273,25.649999618530273,25.649999618530273,25.649999618530273,1266,0.0,0.0,S&SPOWER.NS
2022-09-27 00:00:00+05:30,26.899999618530273,26.899999618530273,26.899999618530273,26.899999618530273,1057,0.0,0.0,S&SPOWER.NS
2022-09-28 00:00:00+05:30,28.200000762939453,28.200000762939453,28.200000762939453,28.200000762939453,763,0.0,0.0,S&SPOWER.NS
2022-09-29 00:00:00+05:30,29.600000381469727,29.600000381469727,29.600000381469727,29.600000381469727,1359,0.0,0.0,S&SPOWER.NS
2022-09-30 00:00:00+05:30,31.049999237060547,31.049999237060547,31.049999237060547,31.049999237060547,2706,0.0,0.0,S&SPOWER.NS
2022-10-03 00:00:00+05:30,32.54999923706055,32.599998474121094,29.5,29.5,9439,0.0,0.0,S&SPOWER.NS
2022-10-04 00:00:00+05:30,30.850000381469727,30.850000381469727,28.049999237060547,28.5,3253,0.0,0.0,S&SPOWER.NS
2022-10-06 00:00:00+05:30,28.5,29.850000381469727,27.549999237060547,28.350000381469727,3904,0.0,0.0,S&SPOWER.NS
2022-10-07 00:00:00+05:30,29.700000762939453,29.700000762939453,27.149999618530273,27.299999237060547,1239,0.0,0.0,S&SPOWER.NS
2022-10-10 00:00:00+05:30,27.850000381469727,27.850000381469727,25.950000762939453,26.350000381469727,1074,0.0,0.0,S&SPOWER.NS
2022-10-11 00:00:00+05:30,27.399999618530273,27.649999618530273,25.299999237060547,27.649999618530273,745,0.0,0.0,S&SPOWER.NS
2022-10-12 00:00:00+05:30,27.700000762939453,29.0,27.700000762939453,28.549999237060547,4147,0.0,0.0,S&SPOWER.NS
2022-10-13 00:00:00+05:30,28.600000381469727,29.950000762939453,27.299999237060547,29.950000762939453,2039,0.0,0.0,S&SPOWER.NS
2022-10-14 00:00:00+05:30,31.350000381469727,31.350000381469727,28.549999237060547,29.25,1512,0.0,0.0,S&SPOWER.NS
2022-10-17 00:00:00+05:30,29.850000381469727,30.450000762939453,27.799999237060547,27.799999237060547,3061,0.0,0.0,S&SPOWER.NS
2022-10-18 00:00:00+05:30,27.25,29.149999618530273,26.75,28.399999618530273,667,0.0,0.0,S&SPOWER.NS
2022-10-19 00:00:00+05:30,29.0,29.700000762939453,27.649999618530273,27.700000762939453,7963,0.0,0.0,S&SPOWER.NS
2022-10-20 00:00:00+05:30,29.0,29.0,26.549999237060547,27.700000762939453,349,0.0,0.0,S&SPOWER.NS
2022-10-21 00:00:00+05:30,27.700000762939453,28.850000381469727,26.350000381469727,27.950000762939453,402,0.0,0.0,S&SPOWER.NS
2022-10-24 00:00:00+05:30,26.600000381469727,29.0,26.600000381469727,28.950000762939453,277,0.0,0.0,S&SPOWER.NS
2022-10-25 00:00:00+05:30,28.950000762939453,28.950000762939453,27.549999237060547,28.600000381469727,375,0.0,0.0,S&SPOWER.NS
2022-10-27 00:00:00+05:30,29.700000762939453,29.700000762939453,28.5,28.5,76,0.0,0.0,S&SPOWER.NS
2022-10-28 00:00:00+05:30,28.5,28.5,27.100000381469727,28.450000762939453,1052,0.0,0.0,S&SPOWER.NS
2022-10-31 00:00:00+05:30,28.450000762939453,29.799999237060547,27.100000381469727,27.149999618530273,1001,0.0,0.0,S&SPOWER.NS
2022-11-01 00:00:00+05:30,25.799999237060547,28.399999618530273,25.799999237060547,28.149999618530273,836,0.0,0.0,S&SPOWER.NS
2022-11-02 00:00:00+05:30,26.850000381469727,27.899999618530273,26.850000381469727,27.649999618530273,109,0.0,0.0,S&SPOWER.NS
2022-11-03 00:00:00+05:30,27.100000381469727,27.100000381469727,26.299999237060547,26.299999237060547,406,0.0,0.0,S&SPOWER.NS
2022-11-04 00:00:00+05:30,26.299999237060547,26.299999237060547,25.0,25.0,241,0.0,0.0,S&SPOWER.NS
2022-11-07 00:00:00+05:30,25.0,25.0,23.75,23.75,1061,0.0,0.0,S&SPOWER.NS
2022-11-09 00:00:00+05:30,23.75,24.899999618530273,22.649999618530273,24.0,3916,0.0,0.0,S&SPOWER.NS
2022-11-10 00:00:00+05:30,24.5,24.850000381469727,22.799999237060547,23.799999237060547,1913,0.0,0.0,S&SPOWER.NS
2022-11-11 00:00:00+05:30,24.450000762939453,24.450000762939453,22.649999618530273,23.25,2357,0.0,0.0,S&SPOWER.NS
2022-11-14 00:00:00+05:30,23.25,23.25,22.100000381469727,22.100000381469727,1187,0.0,0.0,S&SPOWER.NS
2022-11-15 00:00:00+05:30,22.549999237060547,22.850000381469727,21.100000381469727,21.850000381469727,461,0.0,0.0,S&SPOWER.NS
2022-11-16 00:00:00+05:30,22.799999237060547,22.799999237060547,20.799999237060547,20.850000381469727,3096,0.0,0.0,S&SPOWER.NS
2022-11-17 00:00:00+05:30,21.799999237060547,21.799999237060547,20.100000381469727,21.799999237060547,2107,0.0,0.0,S&SPOWER.NS
2022-11-18 00:00:00+05:30,21.799999237060547,22.600000381469727,20.799999237060547,22.600000381469727,735,0.0,0.0,S&SPOWER.NS
2022-11-21 00:00:00+05:30,23.100000381469727,23.649999618530273,21.549999237060547,22.700000762939453,2132,0.0,0.0,S&SPOWER.NS
2022-11-22 00:00:00+05:30,22.950000762939453,23.25,22.0,23.049999237060547,888,0.0,0.0,S&SPOWER.NS
2022-11-23 00:00:00+05:30,22.0,23.649999618530273,22.0,22.200000762939453,666,0.0,0.0,S&SPOWER.NS
2022-11-24 00:00:00+05:30,23.25,23.25,22.0,22.75,1647,0.0,0.0,S&SPOWER.NS
2022-11-25 00:00:00+05:30,23.149999618530273,23.149999618530273,22.0,22.649999618530273,756,0.0,0.0,S&SPOWER.NS
2022-11-28 00:00:00+05:30,22.0,22.850000381469727,22.0,22.299999237060547,759,0.0,0.0,S&SPOWER.NS
2022-11-29 00:00:00+05:30,23.399999618530273,23.399999618530273,22.049999237060547,22.5,1555,0.0,0.0,S&SPOWER.NS
2022-11-30 00:00:00+05:30,22.950000762939453,22.950000762939453,22.100000381469727,22.700000762939453,1184,0.0,0.0,S&SPOWER.NS
2022-12-01 00:00:00+05:30,22.0,23.700000762939453,21.649999618530273,22.75,8016,0.0,0.0,S&SPOWER.NS
2022-12-02 00:00:00+05:30,22.049999237060547,22.75,22.049999237060547,22.5,619,0.0,0.0,S&SPOWER.NS
2022-12-05 00:00:00+05:30,23.5,23.5,21.450000762939453,22.350000381469727,1902,0.0,0.0,S&SPOWER.NS
2022-12-06 00:00:00+05:30,22.649999618530273,22.700000762939453,21.25,22.299999237060547,1271,0.0,0.0,S&SPOWER.NS
2022-12-07 00:00:00+05:30,22.950000762939453,22.950000762939453,22.049999237060547,22.049999237060547,231,0.0,0.0,S&SPOWER.NS
2022-12-08 00:00:00+05:30,22.049999237060547,23.0,21.25,22.850000381469727,3488,0.0,0.0,S&SPOWER.NS
2022-12-09 00:00:00+05:30,22.799999237060547,23.950000762939453,22.0,23.75,8555,0.0,0.0,S&SPOWER.NS
2022-12-12 00:00:00+05:30,23.950000762939453,23.950000762939453,22.600000381469727,22.600000381469727,5117,0.0,0.0,S&SPOWER.NS
2022-12-13 00:00:00+05:30,21.950000762939453,23.350000381469727,21.950000762939453,22.049999237060547,768,0.0,0.0,S&SPOWER.NS
2022-12-14 00:00:00+05:30,22.950000762939453,22.950000762939453,22.25,22.5,747,0.0,0.0,S&SPOWER.NS
2022-12-15 00:00:00+05:30,22.5,23.549999237060547,21.649999618530273,22.899999618530273,1967,0.0,0.0,S&SPOWER.NS
2022-12-16 00:00:00+05:30,22.899999618530273,23.700000762939453,22.200000762939453,23.149999618530273,610,0.0,0.0,S&SPOWER.NS
2022-12-19 00:00:00+05:30,23.100000381469727,23.850000381469727,22.149999618530273,22.649999618530273,7187,0.0,0.0,S&SPOWER.NS
2022-12-20 00:00:00+05:30,22.649999618530273,22.649999618530273,22.049999237060547,22.049999237060547,922,0.0,0.0,S&SPOWER.NS
2022-12-21 00:00:00+05:30,22.649999618530273,23.149999618530273,22.450000762939453,23.0,1886,0.0,0.0,S&SPOWER.NS
2022-12-22 00:00:00+05:30,23.149999618530273,23.149999618530273,21.950000762939453,21.950000762939453,784,0.0,0.0,S&SPOWER.NS
2022-12-23 00:00:00+05:30,23.0,23.0,21.049999237060547,21.100000381469727,614,0.0,0.0,S&SPOWER.NS
2022-12-26 00:00:00+05:30,20.5,22.149999618530273,20.049999237060547,22.149999618530273,3402,0.0,0.0,S&SPOWER.NS
2022-12-27 00:00:00+05:30,23.25,23.25,21.299999237060547,22.950000762939453,673,0.0,0.0,S&SPOWER.NS
2022-12-28 00:00:00+05:30,23.799999237060547,23.799999237060547,22.100000381469727,22.5,814,0.0,0.0,S&SPOWER.NS
2022-12-29 00:00:00+05:30,22.399999618530273,23.549999237060547,22.049999237060547,22.100000381469727,825,0.0,0.0,S&SPOWER.NS
2022-12-30 00:00:00+05:30,23.100000381469727,23.100000381469727,21.299999237060547,22.5,905,0.0,0.0,S&SPOWER.NS
2023-01-02 00:00:00+05:30,22.5,22.950000762939453,21.5,22.75,6881,0.0,0.0,S&SPOWER.NS
2023-01-03 00:00:00+05:30,22.75,22.850000381469727,21.799999237060547,22.799999237060547,9565,0.0,0.0,S&SPOWER.NS
2023-01-04 00:00:00+05:30,23.700000762939453,23.700000762939453,22.350000381469727,22.799999237060547,320,0.0,0.0,S&SPOWER.NS
2023-01-05 00:00:00+05:30,22.149999618530273,22.700000762939453,22.100000381469727,22.299999237060547,2916,0.0,0.0,S&SPOWER.NS
2023-01-06 00:00:00+05:30,22.5,22.899999618530273,22.5,22.5,2968,0.0,0.0,S&SPOWER.NS
2023-01-09 00:00:00+05:30,21.649999618530273,23.600000381469727,21.649999618530273,22.75,1768,0.0,0.0,S&SPOWER.NS
2023-01-10 00:00:00+05:30,22.75,23.0,22.549999237060547,22.850000381469727,328,0.0,0.0,S&SPOWER.NS
2023-01-11 00:00:00+05:30,22.850000381469727,22.850000381469727,22.850000381469727,22.850000381469727,0,0.0,0.0,S&SPOWER.NS
2023-01-12 00:00:00+05:30,22.350000381469727,23.899999618530273,22.350000381469727,22.649999618530273,2022,0.0,0.0,S&SPOWER.NS
2023-01-13 00:00:00+05:30,22.700000762939453,23.450000762939453,22.649999618530273,23.25,670,0.0,0.0,S&SPOWER.NS
2023-01-16 00:00:00+05:30,24.399999618530273,24.399999618530273,22.299999237060547,24.299999237060547,4061,0.0,0.0,S&SPOWER.NS
2023-01-17 00:00:00+05:30,25.5,25.5,24.649999618530273,25.5,3125,0.0,0.0,S&SPOWER.NS
2023-01-18 00:00:00+05:30,26.600000381469727,26.75,25.649999618530273,26.549999237060547,1947,0.0,0.0,S&SPOWER.NS
2023-01-19 00:00:00+05:30,27.700000762939453,27.850000381469727,26.600000381469727,27.700000762939453,747,0.0,0.0,S&SPOWER.NS
2023-01-20 00:00:00+05:30,28.950000762939453,29.049999237060547,27.049999237060547,28.850000381469727,10327,0.0,0.0,S&SPOWER.NS
2023-01-23 00:00:00+05:30,30.149999618530273,30.25,28.899999618530273,29.200000762939453,2605,0.0,0.0,S&SPOWER.NS
2023-01-24 00:00:00+05:30,29.700000762939453,29.75,27.75,27.799999237060547,3232,0.0,0.0,S&SPOWER.NS
2023-01-25 00:00:00+05:30,27.799999237060547,29.149999618530273,26.700000762939453,27.0,680,0.0,0.0,S&SPOWER.NS
2023-01-27 00:00:00+05:30,25.700000762939453,26.950000762939453,25.649999618530273,26.950000762939453,675,0.0,0.0,S&SPOWER.NS
2023-01-30 00:00:00+05:30,26.899999618530273,26.899999618530273,26.899999618530273,26.899999618530273,10,0.0,0.0,S&SPOWER.NS
2023-01-31 00:00:00+05:30,26.899999618530273,27.899999618530273,25.549999237060547,25.950000762939453,341,0.0,0.0,S&SPOWER.NS
2023-02-01 00:00:00+05:30,24.75,24.75,24.649999618530273,24.649999618530273,975,0.0,0.0,S&SPOWER.NS
2023-02-02 00:00:00+05:30,23.450000762939453,23.649999618530273,23.450000762939453,23.649999618530273,191,0.0,0.0,S&SPOWER.NS
2023-02-03 00:00:00+05:30,23.649999618530273,23.649999618530273,22.700000762939453,22.899999618530273,661,0.0,0.0,S&SPOWER.NS
2023-02-06 00:00:00+05:30,22.899999618530273,24.0,22.899999618530273,24.0,2690,0.0,0.0,S&SPOWER.NS
2023-02-07 00:00:00+05:30,25.200000762939453,25.200000762939453,25.200000762939453,25.200000762939453,1,0.0,0.0,S&SPOWER.NS
2023-02-08 00:00:00+05:30,26.450000762939453,26.450000762939453,26.100000381469727,26.450000762939453,825,0.0,0.0,S&SPOWER.NS
2023-02-09 00:00:00+05:30,27.649999618530273,27.649999618530273,26.399999618530273,26.450000762939453,77,0.0,0.0,S&SPOWER.NS
2023-02-10 00:00:00+05:30,27.649999618530273,27.649999618530273,25.149999618530273,25.200000762939453,2917,0.0,0.0,S&SPOWER.NS
2023-02-13 00:00:00+05:30,26.350000381469727,26.350000381469727,26.350000381469727,26.350000381469727,448,0.0,0.0,S&SPOWER.NS
2023-02-14 00:00:00+05:30,27.549999237060547,27.549999237060547,25.399999618530273,26.5,2288,0.0,0.0,S&SPOWER.NS
2023-02-15 00:00:00+05:30,27.799999237060547,27.799999237060547,27.799999237060547,27.799999237060547,4347,0.0,0.0,S&SPOWER.NS
2023-02-16 00:00:00+05:30,29.149999618530273,29.149999618530273,29.149999618530273,29.149999618530273,5931,0.0,0.0,S&SPOWER.NS
2023-02-17 00:00:00+05:30,30.600000381469727,30.600000381469727,30.600000381469727,30.600000381469727,905,0.0,0.0,S&SPOWER.NS
2023-02-20 00:00:00+05:30,32.099998474121094,32.099998474121094,32.099998474121094,32.099998474121094,868,0.0,0.0,S&SPOWER.NS
2023-02-21 00:00:00+05:30,33.70000076293945,33.70000076293945,33.70000076293945,33.70000076293945,1643,0.0,0.0,S&SPOWER.NS
2023-02-22 00:00:00+05:30,35.349998474121094,35.349998474121094,32.04999923706055,35.25,26023,0.0,0.0,S&SPOWER.NS
2023-02-23 00:00:00+05:30,35.79999923706055,37.0,33.5,36.599998474121094,6658,0.0,0.0,S&SPOWER.NS
2023-02-24 00:00:00+05:30,34.849998474121094,35.599998474121094,34.79999923706055,35.0,3622,0.0,0.0,S&SPOWER.NS
2023-02-27 00:00:00+05:30,35.0,35.0,35.0,35.0,0,0.0,0.0,S&SPOWER.NS
2023-02-28 00:00:00+05:30,35.0,35.0,35.0,35.0,0,0.0,0.0,S&SPOWER.NS
2023-03-01 00:00:00+05:30,35.0,35.0,35.0,35.0,0,0.0,0.0,S&SPOWER.NS
2023-03-02 00:00:00+05:30,35.0,35.0,35.0,35.0,0,0.0,0.0,S&SPOWER.NS
2023-03-03 00:00:00+05:30,35.0,35.0,35.0,35.0,0,0.0,0.0,S&SPOWER.NS
2023-03-06 00:00:00+05:30,35.0,35.0,33.29999923706055,33.400001525878906,1982,0.0,0.0,S&SPOWER.NS
2023-03-08 00:00:00+05:30,33.400001525878906,33.400001525878906,33.400001525878906,33.400001525878906,0,0.0,0.0,S&SPOWER.NS
2023-03-09 00:00:00+05:30,33.400001525878906,33.400001525878906,33.400001525878906,33.400001525878906,0,0.0,0.0,S&SPOWER.NS
2023-03-10 00:00:00+05:30,33.400001525878906,33.400001525878906,33.400001525878906,33.400001525878906,0,0.0,0.0,S&SPOWER.NS
2023-03-13 00:00:00+05:30,33.400001525878906,33.400001525878906,33.400001525878906,33.400001525878906,0,0.0,0.0,S&SPOWER.NS
2023-03-14 00:00:00+05:30,33.400001525878906,33.400001525878906,33.400001525878906,33.400001525878906,0,0.0,0.0,S&SPOWER.NS
2023-03-15 00:00:00+05:30,33.400001525878906,33.400001525878906,33.400001525878906,33.400001525878906,0,0.0,0.0,S&SPOWER.NS
2023-03-16 00:00:00+05:30,33.400001525878906,33.400001525878906,33.400001525878906,33.400001525878906,0,0.0,0.0,S&SPOWER.NS
2023-03-17 00:00:00+05:30,33.400001525878906,33.400001525878906,33.400001525878906,33.400001525878906,0,0.0,0.0,S&SPOWER.NS
2023-03-20 00:00:00+05:30,33.400001525878906,33.400001525878906,33.400001525878906,33.400001525878906,0,0.0,0.0,S&SPOWER.NS
2023-03-21 00:00:00+05:30,33.400001525878906,33.400001525878906,33.400001525878906,33.400001525878906,0,0.0,0.0,S&SPOWER.NS
2023-03-22 00:00:00+05:30,33.400001525878906,33.400001525878906,33.400001525878906,33.400001525878906,0,0.0,0.0,S&SPOWER.NS
2023-03-23 00:00:00+05:30,33.400001525878906,33.400001525878906,33.400001525878906,33.400001525878906,0,0.0,0.0,S&SPOWER.NS
2023-03-24 00:00:00+05:30,33.400001525878906,33.400001525878906,33.400001525878906,33.400001525878906,0,0.0,0.0,S&SPOWER.NS
2023-03-27 00:00:00+05:30,33.400001525878906,33.400001525878906,33.400001525878906,33.400001525878906,0,0.0,0.0,S&SPOWER.NS
2023-03-28 00:00:00+05:30,33.400001525878906,33.400001525878906,33.400001525878906,33.400001525878906,0,0.0,0.0,S&SPOWER.NS
2023-03-29 00:00:00+05:30,33.400001525878906,33.400001525878906,33.400001525878906,33.400001525878906,0,0.0,0.0,S&SPOWER.NS
2023-03-31 00:00:00+05:30,33.400001525878906,33.400001525878906,33.400001525878906,33.400001525878906,0,0.0,0.0,S&SPOWER.NS
2023-04-03 00:00:00+05:30,33.400001525878906,33.400001525878906,33.400001525878906,33.400001525878906,0,0.0,0.0,S&SPOWER.NS
2023-04-05 00:00:00+05:30,33.400001525878906,33.400001525878906,33.400001525878906,33.400001525878906,0,0.0,0.0,S&SPOWER.NS
2023-04-06 00:00:00+05:30,33.400001525878906,33.400001525878906,33.400001525878906,33.400001525878906,0,0.0,0.0,S&SPOWER.NS
2023-04-10 00:00:00+05:30,33.400001525878906,33.400001525878906,33.400001525878906,33.400001525878906,0,0.0,0.0,S&SPOWER.NS
2023-04-11 00:00:00+05:30,33.400001525878906,33.400001525878906,33.400001525878906,33.400001525878906,0,0.0,0.0,S&SPOWER.NS
2023-04-12 00:00:00+05:30,33.400001525878906,33.400001525878906,33.400001525878906,33.400001525878906,0,0.0,0.0,S&SPOWER.NS
2023-04-13 00:00:00+05:30,33.400001525878906,33.400001525878906,33.400001525878906,33.400001525878906,0,0.0,0.0,S&SPOWER.NS
2023-04-17 00:00:00+05:30,33.400001525878906,33.400001525878906,33.400001525878906,33.400001525878906,0,0.0,0.0,S&SPOWER.NS
2023-04-18 00:00:00+05:30,33.400001525878906,33.400001525878906,33.400001525878906,33.400001525878906,0,0.0,0.0,S&SPOWER.NS
2023-04-19 00:00:00+05:30,33.400001525878906,33.400001525878906,33.400001525878906,33.400001525878906,0,0.0,0.0,S&SPOWER.NS
2023-04-20 00:00:00+05:30,33.400001525878906,33.400001525878906,33.400001525878906,33.400001525878906,0,0.0,0.0,S&SPOWER.NS
2023-04-21 00:00:00+05:30,33.400001525878906,33.400001525878906,33.400001525878906,33.400001525878906,0,0.0,0.0,S&SPOWER.NS
2023-04-24 00:00:00+05:30,33.400001525878906,33.400001525878906,33.400001525878906,33.400001525878906,0,0.0,0.0,S&SPOWER.NS
2023-04-25 00:00:00+05:30,33.400001525878906,33.400001525878906,33.400001525878906,33.400001525878906,0,0.0,0.0,S&SPOWER.NS
2023-04-26 00:00:00+05:30,31.75,31.75,31.75,31.75,69,0.0,0.0,S&SPOWER.NS
2023-04-27 00:00:00+05:30,30.200000762939453,30.950000762939453,30.200000762939453,30.200000762939453,100,0.0,0.0,S&SPOWER.NS
2023-04-28 00:00:00+05:30,30.0,30.0,30.0,30.0,15,0.0,0.0,S&SPOWER.NS
2023-05-02 00:00:00+05:30,30.0,30.0,30.0,30.0,0,0.0,0.0,S&SPOWER.NS
2023-05-03 00:00:00+05:30,30.0,30.0,30.0,30.0,0,0.0,0.0,S&SPOWER.NS
2023-05-04 00:00:00+05:30,29.850000381469727,29.850000381469727,29.850000381469727,29.850000381469727,200,0.0,0.0,S&SPOWER.NS
2023-05-05 00:00:00+05:30,29.850000381469727,29.850000381469727,29.850000381469727,29.850000381469727,0,0.0,0.0,S&SPOWER.NS
2023-05-08 00:00:00+05:30,29.850000381469727,29.850000381469727,29.850000381469727,29.850000381469727,0,0.0,0.0,S&SPOWER.NS
2023-05-09 00:00:00+05:30,29.850000381469727,29.850000381469727,29.850000381469727,29.850000381469727,0,0.0,0.0,S&SPOWER.NS
2023-05-10 00:00:00+05:30,29.850000381469727,29.850000381469727,29.850000381469727,29.850000381469727,0,0.0,0.0,S&SPOWER.NS
2023-05-11 00:00:00+05:30,29.850000381469727,29.850000381469727,29.850000381469727,29.850000381469727,0,0.0,0.0,S&SPOWER.NS
2023-05-12 00:00:00+05:30,29.850000381469727,29.850000381469727,29.850000381469727,29.850000381469727,0,0.0,0.0,S&SPOWER.NS
2023-05-15 00:00:00+05:30,29.850000381469727,29.850000381469727,29.850000381469727,29.850000381469727,0,0.0,0.0,S&SPOWER.NS
2023-05-16 00:00:00+05:30,28.350000381469727,28.350000381469727,28.350000381469727,28.350000381469727,5,0.0,0.0,S&SPOWER.NS
2023-05-17 00:00:00+05:30,28.350000381469727,28.350000381469727,28.350000381469727,28.350000381469727,0,0.0,0.0,S&SPOWER.NS
2023-05-18 00:00:00+05:30,26.950000762939453,26.950000762939453,26.950000762939453,26.950000762939453,70,0.0,0.0,S&SPOWER.NS
2023-05-19 00:00:00+05:30,26.950000762939453,26.950000762939453,26.950000762939453,26.950000762939453,0,0.0,0.0,S&SPOWER.NS
2023-05-22 00:00:00+05:30,25.600000381469727,26.950000762939453,25.600000381469727,26.950000762939453,200,0.0,0.0,S&SPOWER.NS
2023-05-23 00:00:00+05:30,26.950000762939453,26.950000762939453,26.950000762939453,26.950000762939453,0,0.0,0.0,S&SPOWER.NS
2023-05-24 00:00:00+05:30,26.0,26.0,26.0,26.0,100,0.0,0.0,S&SPOWER.NS
2023-05-25 00:00:00+05:30,25.5,25.5,25.5,25.5,80,0.0,0.0,S&SPOWER.NS
2023-05-26 00:00:00+05:30,25.5,25.5,25.5,25.5,0,0.0,0.0,S&SPOWER.NS
2023-05-29 00:00:00+05:30,25.5,25.5,25.5,25.5,0,0.0,0.0,S&SPOWER.NS
2023-05-30 00:00:00+05:30,24.5,24.5,24.5,24.5,85,0.0,0.0,S&SPOWER.NS
2023-05-31 00:00:00+05:30,25.700000762939453,25.700000762939453,25.700000762939453,25.700000762939453,5126,0.0,0.0,S&SPOWER.NS
2023-06-01 00:00:00+05:30,26.950000762939453,26.950000762939453,26.950000762939453,26.950000762939453,339,0.0,0.0,S&SPOWER.NS
2023-06-02 00:00:00+05:30,28.25,28.25,28.25,28.25,125,0.0,0.0,S&SPOWER.NS
2023-06-05 00:00:00+05:30,29.649999618530273,29.649999618530273,29.649999618530273,29.649999618530273,219,0.0,0.0,S&SPOWER.NS
2023-06-06 00:00:00+05:30,29.649999618530273,31.100000381469727,29.649999618530273,31.100000381469727,660,0.0,0.0,S&SPOWER.NS
2023-06-07 00:00:00+05:30,32.650001525878906,32.650001525878906,32.650001525878906,32.650001525878906,1113,0.0,0.0,S&SPOWER.NS
2023-06-08 00:00:00+05:30,34.25,34.25,34.25,34.25,9416,0.0,0.0,S&SPOWER.NS
2023-06-09 00:00:00+05:30,35.95000076293945,35.95000076293945,35.95000076293945,35.95000076293945,8069,0.0,0.0,S&SPOWER.NS
2023-06-12 00:00:00+05:30,37.54999923706055,37.70000076293945,37.54999923706055,37.70000076293945,4445,0.0,0.0,S&SPOWER.NS
2023-06-13 00:00:00+05:30,38.95000076293945,39.54999923706055,38.95000076293945,39.54999923706055,2520,0.0,0.0,S&SPOWER.NS
2023-06-14 00:00:00+05:30,41.5,41.5,41.5,41.5,3041,0.0,0.0,S&SPOWER.NS
2023-06-15 00:00:00+05:30,41.5,41.5,41.5,41.5,0,0.0,0.0,S&SPOWER.NS
2023-06-16 00:00:00+05:30,41.5,41.5,41.5,41.5,0,0.0,0.0,S&SPOWER.NS
2023-06-19 00:00:00+05:30,41.5,41.5,41.20000076293945,41.5,42627,0.0,0.0,S&SPOWER.NS
2023-06-20 00:00:00+05:30,43.54999923706055,43.54999923706055,43.54999923706055,43.54999923706055,2258,0.0,0.0,S&SPOWER.NS
2023-06-21 00:00:00+05:30,45.70000076293945,45.70000076293945,45.70000076293945,45.70000076293945,2991,0.0,0.0,S&SPOWER.NS
2023-06-22 00:00:00+05:30,47.95000076293945,47.95000076293945,47.95000076293945,47.95000076293945,1032,0.0,0.0,S&SPOWER.NS
2023-06-23 00:00:00+05:30,50.29999923706055,50.29999923706055,47.95000076293945,50.29999923706055,45331,0.0,0.0,S&SPOWER.NS
2023-06-26 00:00:00+05:30,52.70000076293945,52.79999923706055,52.650001525878906,52.79999923706055,2836,0.0,0.0,S&SPOWER.NS
2023-06-27 00:00:00+05:30,55.400001525878906,55.400001525878906,55.400001525878906,55.400001525878906,3150,0.0,0.0,S&SPOWER.NS
2023-06-28 00:00:00+05:30,58.150001525878906,58.150001525878906,58.150001525878906,58.150001525878906,6995,0.0,0.0,S&SPOWER.NS
2023-06-30 00:00:00+05:30,61.04999923706055,61.04999923706055,55.25,61.04999923706055,22244,0.0,0.0,S&SPOWER.NS
2023-07-03 00:00:00+05:30,64.0999984741211,64.0999984741211,61.25,64.0999984741211,33295,0.0,0.0,S&SPOWER.NS
2023-07-04 00:00:00+05:30,67.30000305175781,67.30000305175781,62.25,66.44999694824219,20821,0.0,0.0,S&SPOWER.NS
2023-07-05 00:00:00+05:30,66.44999694824219,66.44999694824219,66.44999694824219,66.44999694824219,0,0.0,0.0,S&SPOWER.NS
2023-07-06 00:00:00+05:30,66.44999694824219,66.44999694824219,66.44999694824219,66.44999694824219,0,0.0,0.0,S&SPOWER.NS
2023-07-07 00:00:00+05:30,66.44999694824219,66.44999694824219,66.44999694824219,66.44999694824219,0,0.0,0.0,S&SPOWER.NS
2023-07-10 00:00:00+05:30,65.1500015258789,67.75,65.1500015258789,65.1500015258789,7563,0.0,0.0,S&SPOWER.NS
2023-07-11 00:00:00+05:30,65.1500015258789,65.1500015258789,65.1500015258789,65.1500015258789,0,0.0,0.0,S&SPOWER.NS
2023-07-12 00:00:00+05:30,65.1500015258789,65.1500015258789,65.1500015258789,65.1500015258789,0,0.0,0.0,S&SPOWER.NS
2023-07-13 00:00:00+05:30,65.1500015258789,65.1500015258789,65.1500015258789,65.1500015258789,0,0.0,0.0,S&SPOWER.NS
2023-07-14 00:00:00+05:30,65.1500015258789,65.1500015258789,65.1500015258789,65.1500015258789,0,0.0,0.0,S&SPOWER.NS
2023-07-17 00:00:00+05:30,63.849998474121094,63.849998474121094,63.849998474121094,63.849998474121094,1448,0.0,0.0,S&SPOWER.NS
2023-07-18 00:00:00+05:30,63.849998474121094,63.849998474121094,63.849998474121094,63.849998474121094,0,0.0,0.0,S&SPOWER.NS
2023-07-19 00:00:00+05:30,63.849998474121094,63.849998474121094,63.849998474121094,63.849998474121094,0,0.0,0.0,S&SPOWER.NS
2023-07-20 00:00:00+05:30,63.849998474121094,63.849998474121094,63.849998474121094,63.849998474121094,0,0.0,0.0,S&SPOWER.NS
2023-07-21 00:00:00+05:30,63.849998474121094,63.849998474121094,63.849998474121094,63.849998474121094,0,0.0,0.0,S&SPOWER.NS
2023-07-24 00:00:00+05:30,65.0999984741211,65.0999984741211,63.150001525878906,65.0999984741211,13525,0.0,0.0,S&SPOWER.NS
2023-07-25 00:00:00+05:30,66.4000015258789,66.4000015258789,66.0,66.4000015258789,1184,0.0,0.0,S&SPOWER.NS
2023-07-26 00:00:00+05:30,67.69999694824219,67.69999694824219,67.69999694824219,67.69999694824219,2696,0.0,0.0,S&SPOWER.NS
2023-07-27 00:00:00+05:30,69.05000305175781,69.05000305175781,69.05000305175781,69.05000305175781,1859,0.0,0.0,S&SPOWER.NS
2023-07-28 00:00:00+05:30,69.5,70.4000015258789,69.5,69.5,3450,0.0,0.0,S&SPOWER.NS
2023-07-31 00:00:00+05:30,68.1500015258789,68.1500015258789,68.1500015258789,68.1500015258789,1,0.0,0.0,S&SPOWER.NS
2023-08-01 00:00:00+05:30,66.80000305175781,67.05000305175781,66.80000305175781,66.80000305175781,3675,0.0,0.0,S&SPOWER.NS
2023-08-02 00:00:00+05:30,65.5,65.55000305175781,65.5,65.5,1697,0.0,0.0,S&SPOWER.NS
2023-08-03 00:00:00+05:30,66.75,66.75,64.25,66.75,450,0.0,0.0,S&SPOWER.NS
2023-08-04 00:00:00+05:30,65.75,65.75,65.44999694824219,65.75,317,0.0,0.0,S&SPOWER.NS
2023-08-07 00:00:00+05:30,64.55000305175781,65.75,64.44999694824219,64.55000305175781,1606,0.0,0.0,S&SPOWER.NS
2023-08-08 00:00:00+05:30,65.0,65.80000305175781,63.25,65.80000305175781,2859,0.0,0.0,S&SPOWER.NS
2023-08-09 00:00:00+05:30,64.5,64.5,64.5,64.5,535,0.0,0.0,S&SPOWER.NS
2023-08-10 00:00:00+05:30,63.25,64.55000305175781,63.25,63.25,989,0.0,0.0,S&SPOWER.NS
2023-08-11 00:00:00+05:30,63.25,63.25,62.0,63.25,3488,0.0,0.0,S&SPOWER.NS
2023-08-14 00:00:00+05:30,62.099998474121094,63.25,62.099998474121094,62.099998474121094,522,0.0,0.0,S&SPOWER.NS
2023-08-16 00:00:00+05:30,60.849998474121094,60.849998474121094,60.849998474121094,60.849998474121094,199,0.0,0.0,S&SPOWER.NS
2023-08-17 00:00:00+05:30,62.04999923706055,62.04999923706055,59.650001525878906,62.04999923706055,393,0.0,0.0,S&SPOWER.NS
2023-08-18 00:00:00+05:30,63.25,63.25,63.0,63.25,552,0.0,0.0,S&SPOWER.NS
2023-08-21 00:00:00+05:30,63.0,65.69999694824219,61.04999923706055,64.5,2317,0.0,0.0,S&SPOWER.NS
2023-08-22 00:00:00+05:30,66.44999694824219,66.5,62.20000076293945,65.5,1289,0.0,0.0,S&SPOWER.NS
2023-08-23 00:00:00+05:30,68.44999694824219,68.44999694824219,62.29999923706055,62.900001525878906,911,0.0,0.0,S&SPOWER.NS
2023-08-24 00:00:00+05:30,66.0,66.0,60.150001525878906,63.849998474121094,2749,0.0,0.0,S&SPOWER.NS
2023-08-25 00:00:00+05:30,61.0,64.5,60.650001525878906,61.599998474121094,1389,0.0,0.0,S&SPOWER.NS
2023-08-28 00:00:00+05:30,64.0,64.0,59.099998474121094,60.0,1306,0.0,0.0,S&SPOWER.NS
2023-08-29 00:00:00+05:30,61.0,63.0,60.099998474121094,63.0,1653,0.0,0.0,S&SPOWER.NS
2023-08-30 00:00:00+05:30,66.0,66.0,62.29999923706055,63.20000076293945,1722,0.0,0.0,S&SPOWER.NS
2023-08-31 00:00:00+05:30,64.5,65.9000015258789,60.04999923706055,63.0,2951,0.0,0.0,S&SPOWER.NS
2023-09-01 00:00:00+05:30,65.55000305175781,65.55000305175781,60.25,64.0,1097,0.0,0.0,S&SPOWER.NS
2023-09-04 00:00:00+05:30,65.0,67.19999694824219,63.099998474121094,67.19999694824219,2753,0.0,0.0,S&SPOWER.NS
2023-09-05 00:00:00+05:30,68.0,70.55000305175781,68.0,70.55000305175781,3859,0.0,0.0,S&SPOWER.NS
2023-09-06 00:00:00+05:30,74.05000305175781,74.05000305175781,71.0,74.05000305175781,4704,0.0,0.0,S&SPOWER.NS
2023-09-07 00:00:00+05:30,74.75,77.75,74.75,76.4000015258789,19771,0.0,0.0,S&SPOWER.NS
2023-09-08 00:00:00+05:30,77.5999984741211,77.9000015258789,77.5999984741211,77.5999984741211,706,0.0,0.0,S&SPOWER.NS
2023-09-11 00:00:00+05:30,77.5999984741211,79.1500015258789,77.5999984741211,77.5999984741211,330,0.0,0.0,S&SPOWER.NS
2023-09-12 00:00:00+05:30,79.1500015258789,79.1500015258789,78.5999984741211,79.1500015258789,1702,0.0,0.0,S&SPOWER.NS
2023-09-13 00:00:00+05:30,80.69999694824219,80.69999694824219,80.30000305175781,80.69999694824219,180,0.0,0.0,S&SPOWER.NS
2023-09-14 00:00:00+05:30,82.30000305175781,82.30000305175781,82.30000305175781,82.30000305175781,2192,0.0,0.0,S&SPOWER.NS
2023-09-15 00:00:00+05:30,83.9000015258789,83.9000015258789,83.9000015258789,83.9000015258789,1,0.0,0.0,S&SPOWER.NS
2023-09-18 00:00:00+05:30,85.55000305175781,85.55000305175781,85.55000305175781,85.55000305175781,177,0.0,0.0,S&SPOWER.NS
2023-09-20 00:00:00+05:30,87.25,87.25,85.55000305175781,87.25,1253,0.0,0.0,S&SPOWER.NS
2023-09-21 00:00:00+05:30,88.94999694824219,88.94999694824219,88.94999694824219,88.94999694824219,199,0.0,0.0,S&SPOWER.NS
2023-09-22 00:00:00+05:30,90.69999694824219,90.69999694824219,90.69999694824219,90.69999694824219,330,0.0,0.0,S&SPOWER.NS
2023-09-25 00:00:00+05:30,92.5,92.5,92.5,92.5,26,0.0,0.0,S&SPOWER.NS
2023-09-26 00:00:00+05:30,94.3499984741211,94.3499984741211,94.3499984741211,94.3499984741211,600,0.0,0.0,S&SPOWER.NS
2023-09-27 00:00:00+05:30,96.19999694824219,96.19999694824219,96.19999694824219,96.19999694824219,52,0.0,0.0,S&SPOWER.NS
2023-09-28 00:00:00+05:30,98.0999984741211,98.0999984741211,98.0999984741211,98.0999984741211,737,0.0,0.0,S&SPOWER.NS
2023-09-29 00:00:00+05:30,100.05000305175781,100.05000305175781,100.0,100.05000305175781,3428,0.0,0.0,S&SPOWER.NS
2023-10-03 00:00:00+05:30,102.05000305175781,102.05000305175781,102.05000305175781,102.05000305175781,260,0.0,0.0,S&SPOWER.NS
2023-10-04 00:00:00+05:30,104.05000305175781,104.05000305175781,104.0,104.05000305175781,11,0.0,0.0,S&SPOWER.NS
2023-10-05 00:00:00+05:30,106.0999984741211,106.0999984741211,106.0999984741211,106.0999984741211,40,0.0,0.0,S&SPOWER.NS
2023-10-06 00:00:00+05:30,108.19999694824219,108.19999694824219,104.0,108.19999694824219,3473,0.0,0.0,S&SPOWER.NS
2023-10-09 00:00:00+05:30,110.3499984741211,110.3499984741211,110.3499984741211,110.3499984741211,18,0.0,0.0,S&SPOWER.NS
2023-10-10 00:00:00+05:30,108.19999694824219,111.80000305175781,108.19999694824219,108.19999694824219,2287,0.0,0.0,S&SPOWER.NS
2023-10-11 00:00:00+05:30,106.05000305175781,108.19999694824219,106.05000305175781,106.05000305175781,2037,0.0,0.0,S&SPOWER.NS
2023-10-12 00:00:00+05:30,104.1500015258789,104.1500015258789,103.94999694824219,104.1500015258789,1207,0.0,0.0,S&SPOWER.NS
2023-10-13 00:00:00+05:30,102.0999984741211,104.0,102.0999984741211,102.0999984741211,2823,0.0,0.0,S&SPOWER.NS
2023-10-16 00:00:00+05:30,101.0,103.0,101.0,101.0,2350,0.0,0.0,S&SPOWER.NS
2023-10-17 00:00:00+05:30,101.8499984741211,103.0,99.0999984741211,101.8499984741211,1048,0.0,0.0,S&SPOWER.NS
2023-10-18 00:00:00+05:30,100.9000015258789,103.80000305175781,100.0,100.9000015258789,3262,0.0,0.0,S&SPOWER.NS
2023-10-19 00:00:00+05:30,100.0,100.9000015258789,99.0,100.0,2227,0.0,0.0,S&SPOWER.NS
2023-10-20 00:00:00+05:30,100.05000305175781,100.05000305175781,100.0,100.05000305175781,2651,0.0,0.0,S&SPOWER.NS
2023-10-23 00:00:00+05:30,98.05000305175781,100.0,98.05000305175781,98.05000305175781,1111,0.0,0.0,S&SPOWER.NS
2023-10-25 00:00:00+05:30,99.0,99.0,98.05000305175781,99.0,1424,0.0,0.0,S&SPOWER.NS
2023-10-26 00:00:00+05:30,100.0,100.0,99.5,100.0,280,0.0,0.0,S&SPOWER.NS
2023-10-27 00:00:00+05:30,102.0,102.0,100.0999984741211,102.0,4378,0.0,0.0,S&SPOWER.NS
2023-10-30 00:00:00+05:30,107.0999984741211,107.0999984741211,107.0999984741211,107.0999984741211,2958,0.0,0.0,S&SPOWER.NS
2023-10-31 00:00:00+05:30,112.44999694824219,112.44999694824219,112.44999694824219,112.44999694824219,375,0.0,0.0,S&SPOWER.NS
2023-11-01 00:00:00+05:30,118.05000305175781,118.05000305175781,114.0,118.05000305175781,8151,0.0,0.0,S&SPOWER.NS
2023-11-02 00:00:00+05:30,122.0,123.94999694824219,121.5,123.9000015258789,8083,0.0,0.0,S&SPOWER.NS
2023-11-03 00:00:00+05:30,126.94999694824219,130.0500030517578,126.94999694824219,130.0500030517578,7737,0.0,0.0,S&SPOWER.NS
2023-11-06 00:00:00+05:30,136.5500030517578,136.5500030517578,130.0500030517578,136.5500030517578,8288,0.0,0.0,S&SPOWER.NS
2023-11-07 00:00:00+05:30,142.0,142.89999389648438,129.75,140.0,6363,0.0,0.0,S&SPOWER.NS
2023-11-08 00:00:00+05:30,137.1999969482422,137.5,137.1999969482422,137.1999969482422,7209,0.0,0.0,S&SPOWER.NS
2023-11-09 00:00:00+05:30,136.10000610351562,136.14999389648438,134.4499969482422,136.10000610351562,4316,0.0,0.0,S&SPOWER.NS
2023-11-10 00:00:00+05:30,134.0,136.10000610351562,134.0,134.0,380,0.0,0.0,S&SPOWER.NS
2023-11-13 00:00:00+05:30,139.0,139.3000030517578,138.0,139.0,756,0.0,0.0,S&SPOWER.NS
2023-11-15 00:00:00+05:30,141.6999969482422,141.6999969482422,140.9499969482422,141.6999969482422,1463,0.0,0.0,S&SPOWER.NS
2023-11-16 00:00:00+05:30,143.5500030517578,143.75,143.5500030517578,143.5500030517578,4175,0.0,0.0,S&SPOWER.NS
2023-11-17 00:00:00+05:30,146.39999389648438,146.39999389648438,146.39999389648438,146.39999389648438,1690,0.0,0.0,S&SPOWER.NS
2023-11-20 00:00:00+05:30,143.5,146.39999389648438,143.5,143.5,1382,0.0,0.0,S&SPOWER.NS
2023-11-21 00:00:00+05:30,140.64999389648438,140.64999389648438,140.64999389648438,140.64999389648438,105,0.0,0.0,S&SPOWER.NS
2023-11-22 00:00:00+05:30,137.85000610351562,137.85000610351562,137.85000610351562,137.85000610351562,2,0.0,0.0,S&SPOWER.NS
2023-11-23 00:00:00+05:30,135.10000610351562,135.10000610351562,135.10000610351562,135.10000610351562,21,0.0,0.0,S&SPOWER.NS
2023-11-24 00:00:00+05:30,132.39999389648438,135.10000610351562,132.39999389648438,132.39999389648438,2960,0.0,0.0,S&SPOWER.NS
2023-11-28 00:00:00+05:30,129.75,129.75,129.75,129.75,1008,0.0,0.0,S&SPOWER.NS
2023-11-29 00:00:00+05:30,129.75,129.75,127.1500015258789,129.75,4623,0.0,0.0,S&SPOWER.NS
2023-11-30 00:00:00+05:30,132.3000030517578,132.3000030517578,129.75,132.3000030517578,2553,0.0,0.0,S&SPOWER.NS
2023-12-01 00:00:00+05:30,134.8000030517578,134.89999389648438,134.8000030517578,134.8000030517578,1938,0.0,0.0,S&SPOWER.NS
2023-12-04 00:00:00+05:30,137.0,137.4499969482422,137.0,137.0,920,0.0,0.0,S&SPOWER.NS
2023-12-05 00:00:00+05:30,134.3000030517578,134.3000030517578,134.3000030517578,134.3000030517578,1618,0.0,0.0,S&SPOWER.NS
2023-12-06 00:00:00+05:30,136.9499969482422,136.9499969482422,131.6999969482422,136.9499969482422,3259,0.0,0.0,S&SPOWER.NS
2023-12-07 00:00:00+05:30,139.64999389648438,139.64999389648438,138.0,139.64999389648438,788,0.0,0.0,S&SPOWER.NS
2023-12-08 00:00:00+05:30,142.39999389648438,142.39999389648438,136.85000610351562,142.39999389648438,3716,0.0,0.0,S&SPOWER.NS
2023-12-11 00:00:00+05:30,145.1999969482422,145.1999969482422,144.6999969482422,145.1999969482422,3124,0.0,0.0,S&SPOWER.NS
2023-12-12 00:00:00+05:30,147.9499969482422,148.10000610351562,145.1999969482422,147.9499969482422,2246,0.0,0.0,S&SPOWER.NS
2023-12-13 00:00:00+05:30,145.5,150.89999389648438,145.5,145.5,1903,0.0,0.0,S&SPOWER.NS
2023-12-14 00:00:00+05:30,143.35000610351562,148.39999389648438,143.0,143.35000610351562,3316,0.0,0.0,S&SPOWER.NS
2023-12-15 00:00:00+05:30,146.1999969482422,146.1999969482422,146.1999969482422,146.1999969482422,2644,0.0,0.0,S&SPOWER.NS
2023-12-18 00:00:00+05:30,153.5,153.5,141.5500030517578,153.5,7088,0.0,0.0,S&SPOWER.NS
2023-12-19 00:00:00+05:30,160.8000030517578,161.14999389648438,154.0500030517578,161.14999389648438,6110,0.0,0.0,S&SPOWER.NS
2023-12-20 00:00:00+05:30,169.0,169.1999969482422,161.0,162.0,10449,0.0,0.0,S&SPOWER.NS
2023-12-21 00:00:00+05:30,154.0500030517578,169.0,154.0500030517578,165.5,1563,0.0,0.0,S&SPOWER.NS
2023-12-22 00:00:00+05:30,173.75,173.75,170.0,172.4499969482422,16234,0.0,0.0,S&SPOWER.NS
2023-12-26 00:00:00+05:30,181.0500030517578,181.0500030517578,181.0500030517578,181.0500030517578,2760,0.0,0.0,S&SPOWER.NS
2023-12-27 00:00:00+05:30,190.10000610351562,190.10000610351562,190.10000610351562,190.10000610351562,4779,0.0,0.0,S&SPOWER.NS
2023-12-28 00:00:00+05:30,186.3000030517578,186.3000030517578,186.3000030517578,186.3000030517578,4353,0.0,0.0,S&SPOWER.NS
2023-12-29 00:00:00+05:30,182.60000610351562,182.60000610351562,182.60000610351562,182.60000610351562,1974,0.0,0.0,S&SPOWER.NS
2024-01-01 00:00:00+05:30,178.9499969482422,178.9499969482422,178.9499969482422,178.9499969482422,1004,0.0,0.0,S&SPOWER.NS
2024-01-02 00:00:00+05:30,175.39999389648438,175.39999389648438,175.39999389648438,175.39999389648438,5891,0.0,0.0,S&SPOWER.NS
2024-01-03 00:00:00+05:30,172.60000610351562,172.60000610351562,171.89999389648438,172.60000610351562,2098,0.0,0.0,S&SPOWER.NS
2024-01-04 00:00:00+05:30,176.0500030517578,176.0500030517578,172.0,176.0500030517578,1781,0.0,0.0,S&SPOWER.NS
2024-01-05 00:00:00+05:30,179.5500030517578,179.5500030517578,176.0500030517578,179.5500030517578,924,0.0,0.0,S&SPOWER.NS
2024-01-08 00:00:00+05:30,175.9499969482422,179.5500030517578,175.9499969482422,175.9499969482422,438,0.0,0.0,S&SPOWER.NS
2024-01-09 00:00:00+05:30,172.4499969482422,175.9499969482422,172.4499969482422,172.4499969482422,2935,0.0,0.0,S&SPOWER.NS
2024-01-10 00:00:00+05:30,172.4499969482422,172.4499969482422,169.10000610351562,172.4499969482422,432,0.0,0.0,S&SPOWER.NS
2024-01-11 00:00:00+05:30,175.85000610351562,175.85000610351562,172.4499969482422,175.85000610351562,2946,0.0,0.0,S&SPOWER.NS
2024-01-12 00:00:00+05:30,179.35000610351562,179.35000610351562,172.35000610351562,179.35000610351562,2051,0.0,0.0,S&SPOWER.NS
2024-01-15 00:00:00+05:30,179.0,182.0,179.0,179.0,5489,0.0,0.0,S&SPOWER.NS
2024-01-16 00:00:00+05:30,175.4499969482422,176.0,175.4499969482422,175.4499969482422,254,0.0,0.0,S&SPOWER.NS
2024-01-17 00:00:00+05:30,171.9499969482422,175.4499969482422,171.9499969482422,171.9499969482422,365,0.0,0.0,S&SPOWER.NS
2024-01-18 00:00:00+05:30,169.0500030517578,171.9499969482422,168.5500030517578,169.0500030517578,202,0.0,0.0,S&SPOWER.NS
2024-01-19 00:00:00+05:30,170.0,170.0,168.75,170.0,2514,0.0,0.0,S&SPOWER.NS
2024-01-23 00:00:00+05:30,174.39999389648438,174.39999389648438,174.3000030517578,174.39999389648438,3596,0.0,0.0,S&SPOWER.NS
2024-01-24 00:00:00+05:30,175.0,177.85000610351562,171.3000030517578,175.0,1553,0.0,0.0,S&SPOWER.NS
2024-01-25 00:00:00+05:30,171.5,178.5,171.5,171.5,18309,0.0,0.0,S&SPOWER.NS
2024-01-29 00:00:00+05:30,174.89999389648438,174.89999389648438,174.89999389648438,174.89999389648438,1331,0.0,0.0,S&SPOWER.NS
2024-01-30 00:00:00+05:30,178.35000610351562,178.35000610351562,178.35000610351562,178.35000610351562,1050,0.0,0.0,S&SPOWER.NS
2024-01-31 00:00:00+05:30,181.89999389648438,181.89999389648438,181.85000610351562,181.89999389648438,281,0.0,0.0,S&SPOWER.NS
2024-02-01 00:00:00+05:30,185.5,185.5,185.5,185.5,283,0.0,0.0,S&SPOWER.NS
2024-02-02 00:00:00+05:30,189.1999969482422,189.1999969482422,189.0,189.1999969482422,1666,0.0,0.0,S&SPOWER.NS
2024-02-05 00:00:00+05:30,192.9499969482422,192.9499969482422,192.9499969482422,192.9499969482422,3385,0.0,0.0,S&SPOWER.NS
2024-02-06 00:00:00+05:30,192.9499969482422,192.9499969482422,192.9499969482422,192.9499969482422,0,0.0,0.0,S&SPOWER.NS
2024-02-07 00:00:00+05:30,200.6999969482422,200.6999969482422,200.6999969482422,200.6999969482422,3611,0.0,0.0,S&SPOWER.NS
2024-02-08 00:00:00+05:30,204.6999969482422,204.6999969482422,200.6999969482422,204.6999969482422,19202,0.0,0.0,S&SPOWER.NS
2024-02-09 00:00:00+05:30,208.75,208.75,208.75,208.75,14814,0.0,0.0,S&SPOWER.NS
2024-02-12 00:00:00+05:30,212.89999389648438,212.89999389648438,212.89999389648438,212.89999389648438,473,0.0,0.0,S&SPOWER.NS
2024-02-13 00:00:00+05:30,217.14999389648438,217.14999389648438,217.0,217.14999389648438,355,0.0,0.0,S&SPOWER.NS
2024-02-14 00:00:00+05:30,221.4499969482422,221.4499969482422,221.4499969482422,221.4499969482422,2581,0.0,0.0,S&SPOWER.NS
2024-02-15 00:00:00+05:30,225.85000610351562,225.85000610351562,225.85000610351562,225.85000610351562,91,0.0,0.0,S&SPOWER.NS
2024-02-16 00:00:00+05:30,230.3000030517578,230.35000610351562,230.3000030517578,230.3000030517578,2,0.0,0.0,S&SPOWER.NS
2024-02-19 00:00:00+05:30,234.89999389648438,234.89999389648438,234.89999389648438,234.89999389648438,197,0.0,0.0,S&SPOWER.NS
2024-02-20 00:00:00+05:30,239.5500030517578,239.5500030517578,239.5500030517578,239.5500030517578,427,0.0,0.0,S&SPOWER.NS
2024-02-21 00:00:00+05:30,244.3000030517578,244.3000030517578,244.3000030517578,244.3000030517578,604,0.0,0.0,S&SPOWER.NS
2024-02-22 00:00:00+05:30,249.14999389648438,249.14999389648438,249.14999389648438,249.14999389648438,122,0.0,0.0,S&SPOWER.NS
2024-02-23 00:00:00+05:30,254.10000610351562,254.10000610351562,254.10000610351562,254.10000610351562,208,0.0,0.0,S&SPOWER.NS
2024-02-26 00:00:00+05:30,259.1499938964844,259.1499938964844,259.1499938964844,259.1499938964844,2168,0.0,0.0,S&SPOWER.NS
2024-02-27 00:00:00+05:30,264.29998779296875,264.29998779296875,254.0,264.29998779296875,3859,0.0,0.0,S&SPOWER.NS
2024-02-28 00:00:00+05:30,269.0,269.54998779296875,269.54998779296875,269.54998779296875,5707,0.0,0.0,S&SPOWER.NS
2024-02-29 00:00:00+05:30,264.1499938964844,274.8999938964844,264.1499938964844,264.1499938964844,8036,0.0,0.0,S&SPOWER.NS
2024-03-01 00:00:00+05:30,269.0,269.0,258.8999938964844,269.0,14194,0.0,0.0,S&SPOWER.NS
2024-03-04 00:00:00+05:30,279.79998779296875,279.79998779296875,279.79998779296875,279.79998779296875,2036,0.0,0.0,S&SPOWER.NS
2024-03-05 00:00:00+05:30,285.3500061035156,285.3500061035156,285.3500061035156,285.3500061035156,452,0.0,0.0,S&SPOWER.NS
2024-03-06 00:00:00+05:30,291.04998779296875,291.04998779296875,291.0,291.04998779296875,1043,0.0,0.0,S&SPOWER.NS
2024-03-07 00:00:00+05:30,296.8500061035156,296.8500061035156,296.8500061035156,296.8500061035156,1673,0.0,0.0,S&SPOWER.NS
2024-03-11 00:00:00+05:30,295.0,302.75,295.0,295.0,7431,0.0,0.0,S&SPOWER.NS
2024-03-12 00:00:00+05:30,289.1000061035156,289.1000061035156,289.1000061035156,289.1000061035156,3402,0.0,0.0,S&SPOWER.NS
2024-03-13 00:00:00+05:30,283.3500061035156,283.3500061035156,283.3500061035156,283.3500061035156,491,0.0,0.0,S&SPOWER.NS
2024-03-14 00:00:00+05:30,277.70001220703125,277.70001220703125,277.70001220703125,277.70001220703125,700,0.0,0.0,S&SPOWER.NS
2024-03-15 00:00:00+05:30,272.1499938964844,272.1499938964844,272.1499938964844,272.1499938964844,330,0.0,0.0,S&SPOWER.NS
2024-03-18 00:00:00+05:30,266.70001220703125,266.70001220703125,266.70001220703125,266.70001220703125,1612,0.0,0.0,S&SPOWER.NS
2024-03-19 00:00:00+05:30,261.3999938964844,261.3999938964844,261.3999938964844,261.3999938964844,660,0.0,0.0,S&SPOWER.NS
2024-03-20 00:00:00+05:30,256.20001220703125,256.20001220703125,256.20001220703125,256.20001220703125,931,0.0,0.0,S&SPOWER.NS
2024-03-21 00:00:00+05:30,251.10000610351562,259.95001220703125,251.10000610351562,251.10000610351562,8087,0.0,0.0,S&SPOWER.NS
2024-03-22 00:00:00+05:30,246.10000610351562,246.10000610351562,246.10000610351562,246.10000610351562,2682,0.0,0.0,S&SPOWER.NS
2024-03-26 00:00:00+05:30,233.8000030517578,258.3999938964844,233.8000030517578,244.3000030517578,16849,0.0,0.0,S&SPOWER.NS
2024-03-27 00:00:00+05:30,243.89999389648438,243.89999389648438,232.10000610351562,232.10000610351562,10641,0.0,0.0,S&SPOWER.NS
2024-03-28 00:00:00+05:30,220.60000610351562,241.0,220.5,221.1999969482422,18082,0.0,0.0,S&SPOWER.NS
2024-04-01 00:00:00+05:30,225.64999389648438,232.25,221.1999969482422,225.1999969482422,8888,0.0,0.0,S&SPOWER.NS
2024-04-02 00:00:00+05:30,233.9499969482422,234.9499969482422,230.0,231.64999389648438,6489,0.0,0.0,S&SPOWER.NS
2024-04-03 00:00:00+05:30,231.64999389648438,243.1999969482422,231.64999389648438,243.1999969482422,1547,0.0,0.0,S&SPOWER.NS
2024-04-04 00:00:00+05:30,250.0,255.35000610351562,247.0,252.8000030517578,8255,0.0,0.0,S&SPOWER.NS
2024-04-05 00:00:00+05:30,255.0,255.0,240.35000610351562,246.14999389648438,2718,0.0,0.0,S&SPOWER.NS
2024-04-08 00:00:00+05:30,246.0,255.4499969482422,241.0,246.85000610351562,3164,0.0,0.0,S&SPOWER.NS
2024-04-09 00:00:00+05:30,234.5,259.1499938964844,234.5,255.89999389648438,9780,0.0,0.0,S&SPOWER.NS
2024-04-10 00:00:00+05:30,256.0,268.0,250.1999969482422,253.5500030517578,3075,0.0,0.0,S&SPOWER.NS
2024-04-12 00:00:00+05:30,258.6499938964844,266.20001220703125,245.0,266.20001220703125,7749,0.0,0.0,S&SPOWER.NS
2024-04-15 00:00:00+05:30,278.79998779296875,279.5,278.79998779296875,279.5,3820,0.0,0.0,S&SPOWER.NS
2024-04-16 00:00:00+05:30,293.29998779296875,293.45001220703125,293.29998779296875,293.45001220703125,1912,0.0,0.0,S&SPOWER.NS
2024-04-18 00:00:00+05:30,308.1000061035156,308.1000061035156,308.1000061035156,308.1000061035156,614,0.0,0.0,S&SPOWER.NS
2024-04-19 00:00:00+05:30,314.25,314.25,314.25,314.25,1532,0.0,0.0,S&SPOWER.NS
2024-04-22 00:00:00+05:30,320.5,320.5,320.0,320.5,235,0.0,0.0,S&SPOWER.NS
2024-04-23 00:00:00+05:30,326.8999938964844,326.8999938964844,326.8999938964844,326.8999938964844,1480,0.0,0.0,S&SPOWER.NS
2024-04-24 00:00:00+05:30,333.3999938964844,333.3999938964844,333.3999938964844,333.3999938964844,235,0.0,0.0,S&SPOWER.NS
2024-04-25 00:00:00+05:30,340.0,340.04998779296875,340.0,340.0,3741,0.0,0.0,S&SPOWER.NS
2024-04-26 00:00:00+05:30,333.20001220703125,333.20001220703125,333.20001220703125,333.20001220703125,1122,0.0,0.0,S&SPOWER.NS
2024-04-29 00:00:00+05:30,326.54998779296875,326.54998779296875,326.54998779296875,326.54998779296875,2173,0.0,0.0,S&SPOWER.NS
2024-04-30 00:00:00+05:30,320.04998779296875,320.04998779296875,320.04998779296875,320.04998779296875,596,0.0,0.0,S&SPOWER.NS
2024-05-02 00:00:00+05:30,313.6499938964844,315.0,313.6499938964844,313.6499938964844,802,0.0,0.0,S&SPOWER.NS
2024-05-03 00:00:00+05:30,307.3999938964844,307.3999938964844,307.3999938964844,307.3999938964844,1212,0.0,0.0,S&SPOWER.NS
2024-05-06 00:00:00+05:30,301.25,301.25,301.25,301.25,1078,0.0,0.0,S&SPOWER.NS
2024-05-07 00:00:00+05:30,295.25,296.0,295.25,295.25,191,0.0,0.0,S&SPOWER.NS
2024-05-08 00:00:00+05:30,289.3500061035156,289.3500061035156,289.3500061035156,289.3500061035156,679,0.0,0.0,S&SPOWER.NS
2024-05-09 00:00:00+05:30,283.6000061035156,283.6000061035156,283.6000061035156,283.6000061035156,2002,0.0,0.0,S&SPOWER.NS
2024-05-10 00:00:00+05:30,277.95001220703125,277.95001220703125,277.95001220703125,277.95001220703125,189,0.0,0.0,S&SPOWER.NS
2024-05-13 00:00:00+05:30,272.3999938964844,272.3999938964844,272.3999938964844,272.3999938964844,8480,0.0,0.0,S&SPOWER.NS
2024-05-14 00:00:00+05:30,267.29998779296875,267.3999938964844,266.95001220703125,267.29998779296875,6868,0.0,0.0,S&SPOWER.NS
2024-05-15 00:00:00+05:30,262.04998779296875,268.04998779296875,262.04998779296875,262.04998779296875,3105,0.0,0.0,S&SPOWER.NS
2024-05-16 00:00:00+05:30,267.25,267.25,267.0,267.25,3416,0.0,0.0,S&SPOWER.NS
2024-05-17 00:00:00+05:30,272.54998779296875,272.54998779296875,272.5,272.54998779296875,8128,0.0,0.0,S&SPOWER.NS
2024-05-21 00:00:00+05:30,283.54998779296875,283.54998779296875,283.0,283.54998779296875,5599,0.0,0.0,S&SPOWER.NS
2024-05-22 00:00:00+05:30,277.8999938964844,284.0,277.8999938964844,277.8999938964844,2762,0.0,0.0,S&SPOWER.NS
2024-05-23 00:00:00+05:30,281.79998779296875,283.20001220703125,272.3500061035156,281.79998779296875,496,0.0,0.0,S&SPOWER.NS
2024-05-24 00:00:00+05:30,280.0,281.1000061035156,277.8999938964844,280.0,1534,0.0,0.0,S&SPOWER.NS
2024-05-27 00:00:00+05:30,280.0,280.0,266.0,270.04998779296875,1984,0.0,0.0,S&SPOWER.NS
2024-05-28 00:00:00+05:30,269.6499938964844,269.6499938964844,256.54998779296875,258.79998779296875,6729,0.0,0.0,S&SPOWER.NS
2024-05-29 00:00:00+05:30,247.10000610351562,256.6000061035156,245.89999389648438,255.5,8814,0.0,0.0,S&SPOWER.NS
2024-05-30 00:00:00+05:30,242.75,242.75,242.75,242.75,1010,0.0,0.0,S&SPOWER.NS
2024-05-31 00:00:00+05:30,230.64999389648438,230.64999389648438,230.64999389648438,230.64999389648438,3660,0.0,0.0,S&SPOWER.NS
2024-06-03 00:00:00+05:30,219.14999389648438,242.14999389648438,219.14999389648438,242.14999389648438,18882,0.0,0.0,S&SPOWER.NS
2024-06-04 00:00:00+05:30,254.1999969482422,254.25,230.0500030517578,230.10000610351562,9384,0.0,0.0,S&SPOWER.NS
2024-06-05 00:00:00+05:30,229.8000030517578,230.0,218.60000610351562,229.9499969482422,11466,0.0,0.0,S&SPOWER.NS
2024-06-06 00:00:00+05:30,229.60000610351562,240.0,218.4499969482422,218.5,3904,0.0,0.0,S&SPOWER.NS
2024-06-07 00:00:00+05:30,218.39999389648438,229.3000030517578,216.0,222.10000610351562,4322,0.0,0.0,S&SPOWER.NS
2024-06-10 00:00:00+05:30,222.5,233.1999969482422,222.5,233.1999969482422,4294,0.0,0.0,S&SPOWER.NS
2024-06-11 00:00:00+05:30,244.86000061035156,244.86000061035156,244.86000061035156,244.86000061035156,2678,0.0,0.0,S&SPOWER.NS
2024-06-12 00:00:00+05:30,257.1000061035156,257.1000061035156,257.1000061035156,257.1000061035156,1003,0.0,0.0,S&SPOWER.NS
2024-06-13 00:00:00+05:30,269.79998779296875,269.95001220703125,269.79998779296875,269.95001220703125,1791,0.0,0.0,S&SPOWER.NS
2024-06-14 00:00:00+05:30,283.44000244140625,283.44000244140625,283.44000244140625,283.44000244140625,6778,0.0,0.0,S&SPOWER.NS
2024-06-18 00:00:00+05:30,289.1000061035156,289.1000061035156,289.1000061035156,289.1000061035156,7137,0.0,0.0,S&SPOWER.NS
2024-06-19 00:00:00+05:30,283.30999755859375,293.8999938964844,283.30999755859375,283.30999755859375,10758,0.0,0.0,S&SPOWER.NS
2024-06-20 00:00:00+05:30,277.6400146484375,277.6400146484375,277.6400146484375,277.6400146484375,3644,0.0,0.0,S&SPOWER.NS
2024-06-21 00:00:00+05:30,273.0,276.0,273.0,273.0,1417,0.0,0.0,S&SPOWER.NS
2024-06-24 00:00:00+05:30,267.5400085449219,273.0,267.5400085449219,267.5400085449219,1783,0.0,0.0,S&SPOWER.NS
2024-06-25 00:00:00+05:30,262.17999267578125,263.0,262.17999267578125,262.17999267578125,624,0.0,0.0,S&SPOWER.NS
2024-06-26 00:00:00+05:30,256.92999267578125,262.17999267578125,256.92999267578125,256.92999267578125,1045,0.0,0.0,S&SPOWER.NS
2024-06-27 00:00:00+05:30,251.7899932861328,252.0,251.7899932861328,251.7899932861328,910,0.0,0.0,S&SPOWER.NS
2024-06-28 00:00:00+05:30,250.0,251.0,247.0,250.0,4892,0.0,0.0,S&SPOWER.NS
2024-07-01 00:00:00+05:30,255.0,255.0,255.0,255.0,717,0.0,0.0,S&SPOWER.NS
2024-07-02 00:00:00+05:30,260.1000061035156,260.1000061035156,260.1000061035156,260.1000061035156,1156,0.0,0.0,S&SPOWER.NS
2024-07-03 00:00:00+05:30,265.29998779296875,265.29998779296875,265.0,265.29998779296875,469,0.0,0.0,S&SPOWER.NS
2024-07-04 00:00:00+05:30,270.6000061035156,270.6000061035156,270.3999938964844,270.6000061035156,2563,0.0,0.0,S&SPOWER.NS
2024-07-05 00:00:00+05:30,276.0,276.0,276.0,276.0,3102,0.0,0.0,S&SPOWER.NS
2024-07-08 00:00:00+05:30,280.0,281.5,280.0,280.0,11242,0.0,0.0,S&SPOWER.NS
2024-07-09 00:00:00+05:30,280.0,285.6000061035156,280.0,280.0,4554,0.0,0.0,S&SPOWER.NS
2024-07-10 00:00:00+05:30,274.3999938964844,274.3999938964844,274.3999938964844,274.3999938964844,842,0.0,0.0,S&SPOWER.NS
2024-07-11 00:00:00+05:30,268.95001220703125,268.95001220703125,268.95001220703125,268.95001220703125,3502,0.0,0.0,S&SPOWER.NS
2024-07-12 00:00:00+05:30,263.6000061035156,264.0,263.6000061035156,263.6000061035156,7739,0.0,0.0,S&SPOWER.NS
2024-07-15 00:00:00+05:30,263.6000061035156,263.6000061035156,263.6000061035156,263.6000061035156,0,0.0,0.0,S&SPOWER.NS
2024-07-16 00:00:00+05:30,263.6000061035156,263.6000061035156,263.6000061035156,263.6000061035156,0,0.0,0.0,S&SPOWER.NS
2024-07-18 00:00:00+05:30,268.75,268.75,268.75,268.75,880,0.0,0.0,S&SPOWER.NS
2024-07-19 00:00:00+05:30,274.1000061035156,274.1000061035156,274.1000061035156,274.1000061035156,1030,0.0,0.0,S&SPOWER.NS
2024-07-22 00:00:00+05:30,287.79998779296875,287.79998779296875,287.79998779296875,287.79998779296875,1522,0.0,0.0,S&SPOWER.NS
2024-07-23 00:00:00+05:30,302.1499938964844,302.1499938964844,302.1499938964844,302.1499938964844,2424,0.0,0.0,S&SPOWER.NS
2024-07-24 00:00:00+05:30,317.25,317.25,317.25,317.25,1839,0.0,0.0,S&SPOWER.NS
2024-07-25 00:00:00+05:30,333.1000061035156,333.1000061035156,333.1000061035156,333.1000061035156,6337,0.0,0.0,S&SPOWER.NS
2024-07-26 00:00:00+05:30,349.75,349.75,349.75,349.75,5393,0.0,0.0,S&SPOWER.NS
2024-07-29 00:00:00+05:30,367.20001220703125,367.20001220703125,367.20001220703125,367.20001220703125,4131,0.0,0.0,S&SPOWER.NS
2024-07-30 00:00:00+05:30,385.54998779296875,385.54998779296875,385.54998779296875,385.54998779296875,3768,0.0,0.0,S&SPOWER.NS
2024-07-31 00:00:00+05:30,377.8500061035156,377.8500061035156,377.8500061035156,377.8500061035156,1956,0.0,0.0,S&SPOWER.NS
2024-08-01 00:00:00+05:30,370.29998779296875,370.3500061035156,370.29998779296875,370.29998779296875,489,0.0,0.0,S&SPOWER.NS
2024-08-02 00:00:00+05:30,362.8999938964844,362.8999938964844,362.8999938964844,362.8999938964844,3032,0.0,0.0,S&SPOWER.NS
2024-08-05 00:00:00+05:30,356.0,356.0,355.6499938964844,356.0,1710,0.0,0.0,S&SPOWER.NS
2024-08-06 00:00:00+05:30,357.0,363.1000061035156,357.0,357.0,663,0.0,0.0,S&SPOWER.NS
2024-08-07 00:00:00+05:30,364.1000061035156,364.1000061035156,360.0,364.1000061035156,934,0.0,0.0,S&SPOWER.NS
2024-08-08 00:00:00+05:30,365.0,371.3500061035156,360.04998779296875,360.04998779296875,898,0.0,0.0,S&SPOWER.NS
2024-08-09 00:00:00+05:30,365.0,366.79998779296875,360.1000061035156,365.0,513,0.0,0.0,S&SPOWER.NS
2024-08-12 00:00:00+05:30,371.0,371.95001220703125,357.70001220703125,371.0,838,0.0,0.0,S&SPOWER.NS
2024-08-13 00:00:00+05:30,378.3999938964844,378.3999938964844,376.0,378.3999938964844,2285,0.0,0.0,S&SPOWER.NS
2024-08-14 00:00:00+05:30,385.95001220703125,385.95001220703125,385.95001220703125,385.95001220703125,1763,0.0,0.0,S&SPOWER.NS
2024-08-16 00:00:00+05:30,378.25,378.25,378.25,378.25,9712,0.0,0.0,S&SPOWER.NS
2024-08-19 00:00:00+05:30,385.79998779296875,385.79998779296875,379.0,385.79998779296875,3002,0.0,0.0,S&SPOWER.NS
2024-08-20 00:00:00+05:30,393.5,393.5,393.5,393.5,2458,0.0,0.0,S&SPOWER.NS
2024-08-21 00:00:00+05:30,401.3500061035156,401.3500061035156,401.0,401.3500061035156,2192,0.0,0.0,S&SPOWER.NS
2024-08-22 00:00:00+05:30,409.3500061035156,409.3500061035156,409.3500061035156,409.3500061035156,5288,0.0,0.0,S&SPOWER.NS
2024-08-23 00:00:00+05:30,401.20001220703125,417.5,401.20001220703125,401.20001220703125,2832,0.0,0.0,S&SPOWER.NS
2024-08-26 00:00:00+05:30,393.20001220703125,394.0,393.20001220703125,393.20001220703125,5273,0.0,0.0,S&SPOWER.NS
2024-08-27 00:00:00+05:30,401.04998779296875,401.04998779296875,398.5,401.04998779296875,2887,0.0,0.0,S&SPOWER.NS
2024-08-28 00:00:00+05:30,409.04998779296875,409.04998779296875,409.04998779296875,409.04998779296875,1495,0.0,0.0,S&SPOWER.NS
2024-08-29 00:00:00+05:30,417.0,417.20001220703125,417.0,417.0,2592,0.0,0.0,S&SPOWER.NS
2024-08-30 00:00:00+05:30,425.29998779296875,425.29998779296875,425.29998779296875,425.29998779296875,2362,0.0,0.0,S&SPOWER.NS
2024-09-02 00:00:00+05:30,433.79998779296875,433.79998779296875,433.79998779296875,433.79998779296875,2065,0.0,0.0,S&SPOWER.NS
2024-09-03 00:00:00+05:30,442.45001220703125,442.45001220703125,442.45001220703125,442.45001220703125,1860,0.0,0.0,S&SPOWER.NS
2024-09-04 00:00:00+05:30,440.0,442.45001220703125,439.79998779296875,440.0,4962,0.0,0.0,S&SPOWER.NS
2024-09-05 00:00:00+05:30,431.25,438.95001220703125,431.25,431.25,2551,0.0,0.0,S&SPOWER.NS
2024-09-06 00:00:00+05:30,422.6499938964844,426.0,422.6499938964844,422.6499938964844,2112,0.0,0.0,S&SPOWER.NS
2024-09-09 00:00:00+05:30,431.0,431.1000061035156,422.0,431.0,3371,0.0,0.0,S&SPOWER.NS
2024-09-10 00:00:00+05:30,439.6000061035156,439.6000061035156,431.1000061035156,439.6000061035156,2152,0.0,0.0,S&SPOWER.NS
2024-09-11 00:00:00+05:30,437.0,447.6499938964844,437.0,437.0,1611,0.0,0.0,S&SPOWER.NS
2024-09-12 00:00:00+05:30,438.0,438.0,438.0,438.0,788,0.0,0.0,S&SPOWER.NS
2024-09-13 00:00:00+05:30,437.95001220703125,438.0,437.95001220703125,437.95001220703125,412,0.0,0.0,S&SPOWER.NS
2024-09-16 00:00:00+05:30,429.20001220703125,429.20001220703125,429.20001220703125,429.20001220703125,766,0.0,0.0,S&SPOWER.NS
2024-09-17 00:00:00+05:30,420.6499938964844,425.1499938964844,420.6499938964844,420.6499938964844,105,0.0,0.0,S&SPOWER.NS
2024-09-18 00:00:00+05:30,412.25,415.0,412.25,412.25,1166,0.0,0.0,S&SPOWER.NS
2024-09-19 00:00:00+05:30,405.0,410.0,405.0,405.0,1262,0.0,0.0,S&SPOWER.NS
2024-09-20 00:00:00+05:30,399.0,399.0,396.8999938964844,399.0,1795,0.0,0.0,S&SPOWER.NS
2024-09-23 00:00:00+05:30,410.0,410.0,379.04998779296875,394.8500061035156,4165,0.0,0.0,S&SPOWER.NS
2024-09-24 00:00:00+05:30,391.29998779296875,391.29998779296875,375.1000061035156,375.1000061035156,2392,0.0,0.0,S&SPOWER.NS
2024-09-25 00:00:00+05:30,372.0,374.0,356.3500061035156,357.29998779296875,4419,0.0,0.0,S&SPOWER.NS
2024-09-26 00:00:00+05:30,357.0,375.1000061035156,339.45001220703125,375.1000061035156,5547,0.0,0.0,S&SPOWER.NS
2024-09-27 00:00:00+05:30,389.95001220703125,393.8500061035156,370.04998779296875,393.8500061035156,4776,0.0,0.0,S&SPOWER.NS
2024-09-30 00:00:00+05:30,412.0,412.0,375.0,400.25,4013,0.0,0.0,S&SPOWER.NS
2024-10-01 00:00:00+05:30,411.95001220703125,411.95001220703125,383.20001220703125,384.04998779296875,2376,0.0,0.0,S&SPOWER.NS
2024-10-03 00:00:00+05:30,366.20001220703125,403.0,365.54998779296875,399.0,4617,0.0,0.0,S&SPOWER.NS
2024-10-04 00:00:00+05:30,399.0,418.95001220703125,399.0,418.95001220703125,3937,0.0,0.0,S&SPOWER.NS
2024-10-07 00:00:00+05:30,439.0,439.8500061035156,418.0,432.29998779296875,12243,0.0,0.0,S&SPOWER.NS
2024-10-08 00:00:00+05:30,438.8999938964844,450.0,421.1000061035156,427.6000061035156,2187,0.0,0.0,S&SPOWER.NS
2024-10-09 00:00:00+05:30,427.6000061035156,435.0,420.1000061035156,422.79998779296875,2398,0.0,0.0,S&SPOWER.NS
2024-10-10 00:00:00+05:30,442.0,442.0,420.3999938964844,425.3500061035156,5451,0.0,0.0,S&SPOWER.NS
2024-10-11 00:00:00+05:30,439.0,442.0,426.5,439.3999938964844,2995,0.0,0.0,S&SPOWER.NS
2024-10-14 00:00:00+05:30,442.0,442.0,423.0,426.20001220703125,3515,0.0,0.0,S&SPOWER.NS
2024-10-15 00:00:00+05:30,420.20001220703125,422.0,420.0,421.20001220703125,768,0.0,0.0,S&SPOWER.NS
2024-10-16 00:00:00+05:30,403.0,441.29998779296875,403.0,426.1000061035156,2092,0.0,0.0,S&SPOWER.NS
2024-10-17 00:00:00+05:30,424.0,429.0,411.54998779296875,417.1000061035156,2918,0.0,0.0,S&SPOWER.NS
2024-10-18 00:00:00+05:30,425.95001220703125,425.95001220703125,415.0,419.0,1687,0.0,0.0,S&SPOWER.NS
2024-10-21 00:00:00+05:30,420.0,435.0,410.1000061035156,411.5,3120,0.0,0.0,S&SPOWER.NS
2024-10-22 00:00:00+05:30,415.0,427.79998779296875,391.04998779296875,403.8500061035156,3291,0.0,0.0,S&SPOWER.NS
2024-10-23 00:00:00+05:30,403.8500061035156,424.0,402.1000061035156,411.1499938964844,1997,0.0,0.0,S&SPOWER.NS
2024-10-24 00:00:00+05:30,431.45001220703125,431.45001220703125,410.0,419.95001220703125,1036,0.0,0.0,S&SPOWER.NS
2024-10-25 00:00:00+05:30,439.3500061035156,439.3500061035156,398.95001220703125,400.70001220703125,5214,0.0,0.0,S&SPOWER.NS
2024-10-28 00:00:00+05:30,401.0,401.0,380.70001220703125,392.6499938964844,3049,0.0,0.0,S&SPOWER.NS
2024-10-29 00:00:00+05:30,407.95001220703125,407.95001220703125,373.54998779296875,380.0,1074,0.0,0.0,S&SPOWER.NS
2024-10-30 00:00:00+05:30,379.95001220703125,398.0,379.95001220703125,382.8999938964844,2081,0.0,0.0,S&SPOWER.NS
2024-10-31 00:00:00+05:30,382.8999938964844,397.04998779296875,368.04998779296875,385.25,490,0.0,0.0,S&SPOWER.NS
2024-11-01 00:00:00+05:30,397.0,404.5,390.0,391.75,773,0.0,0.0,S&SPOWER.NS
2024-11-04 00:00:00+05:30,399.54998779296875,399.54998779296875,374.04998779296875,390.0,605,0.0,0.0,S&SPOWER.NS
2024-11-05 00:00:00+05:30,402.0,402.0,371.79998779296875,387.6000061035156,1089,0.0,0.0,S&SPOWER.NS
2024-11-06 00:00:00+05:30,383.8999938964844,385.0,368.25,380.95001220703125,4493,0.0,0.0,S&SPOWER.NS
2024-11-07 00:00:00+05:30,370.0,399.95001220703125,370.0,397.5,4713,0.0,0.0,S&SPOWER.NS
2024-11-08 00:00:00+05:30,382.04998779296875,397.3500061035156,382.04998779296875,394.6499938964844,682,0.0,0.0,S&SPOWER.NS
2024-11-11 00:00:00+05:30,391.0,413.75,379.20001220703125,383.54998779296875,2915,0.0,0.0,S&SPOWER.NS
2024-11-12 00:00:00+05:30,381.0,394.6000061035156,371.29998779296875,379.95001220703125,2474,0.0,0.0,S&SPOWER.NS
2024-11-13 00:00:00+05:30,396.95001220703125,398.0,361.0,362.6000061035156,2833,0.0,0.0,S&SPOWER.NS
2024-11-14 00:00:00+05:30,380.70001220703125,380.70001220703125,371.5,375.04998779296875,5807,0.0,0.0,S&SPOWER.NS
2024-11-18 00:00:00+05:30,393.75,393.79998779296875,393.75,393.79998779296875,1117,0.0,0.0,S&SPOWER.NS
2024-11-19 00:00:00+05:30,413.45001220703125,413.45001220703125,413.45001220703125,413.45001220703125,1277,0.0,0.0,S&SPOWER.NS
2024-11-21 00:00:00+05:30,433.0,434.1000061035156,433.0,434.1000061035156,3889,0.0,0.0,S&SPOWER.NS
2024-11-22 00:00:00+05:30,455.79998779296875,455.79998779296875,442.79998779296875,455.79998779296875,3278,0.0,0.0,S&SPOWER.NS
2024-11-25 00:00:00+05:30,464.8999938964844,464.8999938964844,464.8999938964844,464.8999938964844,2128,0.0,0.0,S&SPOWER.NS
2024-11-26 00:00:00+05:30,474.1499938964844,474.1499938964844,474.1499938964844,474.1499938964844,1142,0.0,0.0,S&SPOWER.NS
2024-11-27 00:00:00+05:30,464.70001220703125,474.1499938964844,464.70001220703125,464.70001220703125,1038,0.0,0.0,S&SPOWER.NS
2024-11-28 00:00:00+05:30,455.3999938964844,455.3999938964844,455.3999938964844,455.3999938964844,416,0.0,0.0,S&SPOWER.NS
2024-11-29 00:00:00+05:30,446.29998779296875,446.29998779296875,446.29998779296875,446.29998779296875,516,0.0,0.0,S&SPOWER.NS
2024-12-02 00:00:00+05:30,437.3999938964844,446.29998779296875,437.3999938964844,437.3999938964844,255,0.0,0.0,S&SPOWER.NS
2024-12-03 00:00:00+05:30,428.6499938964844,428.6499938964844,428.6499938964844,428.6499938964844,723,0.0,0.0,S&SPOWER.NS
2024-12-04 00:00:00+05:30,428.0,428.6000061035156,427.95001220703125,428.0,628,0.0,0.0,S&SPOWER.NS
2024-12-05 00:00:00+05:30,421.0,428.0,420.0,421.0,676,0.0,0.0,S&SPOWER.NS
2024-12-06 00:00:00+05:30,422.0,422.0,419.0,422.0,790,0.0,0.0,S&SPOWER.NS
2024-12-09 00:00:00+05:30,429.3999938964844,429.3999938964844,425.0,429.3999938964844,1500,0.0,0.0,S&SPOWER.NS
2024-12-10 00:00:00+05:30,429.0,430.0,429.0,429.0,792,0.0,0.0,S&SPOWER.NS
2024-12-11 00:00:00+05:30,437.0,437.0,429.0,437.0,759,0.0,0.0,S&SPOWER.NS
2024-12-12 00:00:00+05:30,437.0,438.1000061035156,437.0,437.0,230,0.0,0.0,S&SPOWER.NS
2024-12-13 00:00:00+05:30,430.0,435.0,429.0,430.0,404,0.0,0.0,S&SPOWER.NS
2024-12-16 00:00:00+05:30,438.6000061035156,438.6000061035156,434.20001220703125,438.6000061035156,578,0.0,0.0,S&SPOWER.NS
2024-12-17 00:00:00+05:30,447.3500061035156,447.3500061035156,447.3500061035156,447.3500061035156,779,0.0,0.0,S&SPOWER.NS
2024-12-18 00:00:00+05:30,456.25,456.25,456.20001220703125,456.25,187,0.0,0.0,S&SPOWER.NS
2024-12-19 00:00:00+05:30,465.3500061035156,465.3500061035156,465.3500061035156,465.3500061035156,361,0.0,0.0,S&SPOWER.NS
2024-12-20 00:00:00+05:30,474.6499938964844,474.6499938964844,474.6499938964844,474.6499938964844,2125,0.0,0.0,S&SPOWER.NS
2024-12-23 00:00:00+05:30,484.1000061035156,484.1000061035156,484.1000061035156,484.1000061035156,1699,0.0,0.0,S&SPOWER.NS
2024-12-24 00:00:00+05:30,474.45001220703125,493.75,474.45001220703125,474.45001220703125,1351,0.0,0.0,S&SPOWER.NS
2024-12-26 00:00:00+05:30,465.0,465.0,465.0,465.0,1120,0.0,0.0,S&SPOWER.NS
2024-12-27 00:00:00+05:30,455.70001220703125,455.70001220703125,455.70001220703125,455.70001220703125,690,0.0,0.0,S&SPOWER.NS
2024-12-30 00:00:00+05:30,432.95001220703125,432.95001220703125,432.95001220703125,432.95001220703125,1276,0.0,0.0,S&SPOWER.NS
2024-12-31 00:00:00+05:30,411.29998779296875,451.95001220703125,411.29998779296875,412.1499938964844,4371,0.0,0.0,S&SPOWER.NS
2025-01-01 00:00:00+05:30,409.79998779296875,430.0,398.0,417.20001220703125,3189,0.0,0.0,S&SPOWER.NS
2025-01-02 00:00:00+05:30,418.20001220703125,422.5,400.0,402.5,1846,0.0,0.0,S&SPOWER.NS
2025-01-03 00:00:00+05:30,409.95001220703125,409.95001220703125,386.20001220703125,395.75,3886,0.0,0.0,S&SPOWER.NS
2025-01-06 00:00:00+05:30,378.5,390.0,376.0,376.45001220703125,3716,0.0,0.0,S&SPOWER.NS
2025-01-07 00:00:00+05:30,384.0,395.25,384.0,395.25,2004,0.0,0.0,S&SPOWER.NS
2025-01-08 00:00:00+05:30,414.5,415.0,400.0,414.04998779296875,2410,0.0,0.0,S&SPOWER.NS
2025-01-09 00:00:00+05:30,415.95001220703125,419.79998779296875,398.1000061035156,403.95001220703125,1779,0.0,0.0,S&SPOWER.NS
2025-01-10 00:00:00+05:30,415.95001220703125,415.95001220703125,385.25,393.20001220703125,2281,0.0,0.0,S&SPOWER.NS
2025-01-13 00:00:00+05:30,388.0,388.0,373.54998779296875,373.54998779296875,3225,0.0,0.0,S&SPOWER.NS
2025-01-14 00:00:00+05:30,388.8999938964844,392.20001220703125,361.3500061035156,388.8999938964844,5343,0.0,0.0,S&SPOWER.NS
2025-01-15 00:00:00+05:30,381.1000061035156,390.8999938964844,381.1000061035156,389.04998779296875,1073,0.0,0.0,S&SPOWER.NS
2025-01-16 00:00:00+05:30,389.04998779296875,393.0,373.3500061035156,377.3500061035156,1683,0.0,0.0,S&SPOWER.NS
2025-01-17 00:00:00+05:30,394.95001220703125,394.95001220703125,380.0,390.3500061035156,621,0.0,0.0,S&SPOWER.NS
2025-01-20 00:00:00+05:30,390.3500061035156,405.0,375.04998779296875,385.29998779296875,1933,0.0,0.0,S&SPOWER.NS
2025-01-21 00:00:00+05:30,404.5,404.5,375.5,397.25,2612,0.0,0.0,S&SPOWER.NS
2025-01-22 00:00:00+05:30,417.0,417.1000061035156,412.04998779296875,417.1000061035156,11615,0.0,0.0,S&SPOWER.NS
2025-01-23 00:00:00+05:30,437.95001220703125,437.95001220703125,437.95001220703125,437.95001220703125,6376,0.0,0.0,S&SPOWER.NS
2025-01-24 00:00:00+05:30,459.0,459.79998779296875,459.0,459.79998779296875,10443,0.0,0.0,S&SPOWER.NS
2025-01-27 00:00:00+05:30,479.0,479.0,436.8500061035156,436.8500061035156,5332,0.0,0.0,S&SPOWER.NS
2025-01-28 00:00:00+05:30,415.0,443.95001220703125,415.0,415.0,5682,0.0,0.0,S&SPOWER.NS
2025-01-29 00:00:00+05:30,420.0,430.0,410.0,419.8500061035156,4655,0.0,0.0,S&SPOWER.NS
2025-01-30 00:00:00+05:30,421.8500061035156,436.0,414.3999938964844,433.3999938964844,2925,0.0,0.0,S&SPOWER.NS
2025-01-31 00:00:00+05:30,438.1000061035156,453.0,411.75,422.54998779296875,9134,0.0,0.0,S&SPOWER.NS
2025-02-01 00:00:00+05:30,423.70001220703125,436.3500061035156,410.1499938964844,420.54998779296875,2616,0.0,0.0,S&SPOWER.NS
2025-02-03 00:00:00+05:30,439.0,439.0,399.54998779296875,399.70001220703125,4959,0.0,0.0,S&SPOWER.NS
2025-02-04 00:00:00+05:30,416.95001220703125,416.95001220703125,384.54998779296875,393.79998779296875,5164,0.0,0.0,S&SPOWER.NS
2025-02-05 00:00:00+05:30,401.3999938964844,404.79998779296875,394.6499938964844,402.1499938964844,2054,0.0,0.0,S&SPOWER.NS
2025-02-06 00:00:00+05:30,390.20001220703125,431.75,390.20001220703125,413.6000061035156,2712,0.0,0.0,S&SPOWER.NS
2025-02-07 00:00:00+05:30,416.1000061035156,425.95001220703125,400.0,408.75,1732,0.0,0.0,S&SPOWER.NS
2025-02-10 00:00:00+05:30,408.75,419.20001220703125,392.0,395.70001220703125,3447,0.0,0.0,S&SPOWER.NS
2025-02-11 00:00:00+05:30,384.3500061035156,391.45001220703125,356.1499938964844,374.25,20868,0.0,0.0,S&SPOWER.NS
2025-02-12 00:00:00+05:30,385.0,411.0,338.0,389.20001220703125,10703,0.0,0.0,S&SPOWER.NS
2025-02-13 00:00:00+05:30,350.29998779296875,350.29998779296875,350.29998779296875,350.29998779296875,7167,0.0,0.0,S&SPOWER.NS
2025-02-14 00:00:00+05:30,318.29998779296875,345.0,315.29998779296875,315.29998779296875,13772,0.0,0.0,S&SPOWER.NS
2025-02-17 00:00:00+05:30,299.54998779296875,299.54998779296875,299.54998779296875,299.54998779296875,2003,0.0,0.0,S&SPOWER.NS
2025-02-18 00:00:00+05:30,285.0,285.0,284.6000061035156,284.6000061035156,975,0.0,0.0,S&SPOWER.NS
2025-02-19 00:00:00+05:30,270.3999938964844,297.95001220703125,270.3999938964844,270.45001220703125,14737,0.0,0.0,S&SPOWER.NS
2025-02-20 00:00:00+05:30,277.5,283.95001220703125,261.04998779296875,282.75,3496,0.0,0.0,S&SPOWER.NS
2025-02-21 00:00:00+05:30,296.8500061035156,296.8500061035156,289.54998779296875,296.8500061035156,1340,0.0,0.0,S&SPOWER.NS
2025-02-24 00:00:00+05:30,309.3500061035156,311.6499938964844,285.0,307.04998779296875,7660,0.0,0.0,S&SPOWER.NS
2025-02-25 00:00:00+05:30,319.5,322.0,295.0,295.45001220703125,2929,0.0,0.0,S&SPOWER.NS
2025-02-27 00:00:00+05:30,296.5,296.8999938964844,281.0,281.79998779296875,2927,0.0,0.0,S&SPOWER.NS
2025-02-28 00:00:00+05:30,276.5,285.0,267.75,267.75,4027,0.0,0.0,S&SPOWER.NS
2025-03-03 00:00:00+05:30,270.6000061035156,270.6000061035156,254.39999389648438,254.39999389648438,4658,0.0,0.0,S&SPOWER.NS
2025-03-04 00:00:00+05:30,254.39999389648438,254.39999389648438,241.6999969482422,242.0500030517578,4718,0.0,0.0,S&SPOWER.NS
2025-03-05 00:00:00+05:30,246.64999389648438,254.14999389648438,245.10000610351562,254.14999389648438,1337,0.0,0.0,S&SPOWER.NS
2025-03-06 00:00:00+05:30,252.0,266.6000061035156,242.0,248.5500030517578,3352,0.0,0.0,S&SPOWER.NS
2025-03-07 00:00:00+05:30,250.0,258.8999938964844,237.14999389648438,245.9499969482422,4959,0.0,0.0,S&SPOWER.NS
2025-03-10 00:00:00+05:30,240.0,251.9499969482422,235.0,242.14999389648438,5365,0.0,0.0,S&SPOWER.NS
2025-03-11 00:00:00+05:30,249.89999389648438,249.89999389648438,230.10000610351562,236.25,2098,0.0,0.0,S&SPOWER.NS
2025-03-12 00:00:00+05:30,226.0,248.0,224.4499969482422,244.60000610351562,3185,0.0,0.0,S&SPOWER.NS
2025-03-13 00:00:00+05:30,247.0500030517578,256.79998779296875,247.0500030517578,256.79998779296875,313,0.0,0.0,S&SPOWER.NS
2025-03-17 00:00:00+05:30,269.5,269.6000061035156,269.0,269.6000061035156,1301,0.0,0.0,S&SPOWER.NS
2025-03-18 00:00:00+05:30,269.6000061035156,269.6000061035156,269.6000061035156,269.6000061035156,0,0.0,0.0,S&SPOWER.NS
2025-03-19 00:00:00+05:30,267.45001220703125,294.20001220703125,267.45001220703125,294.20001220703125,6016,0.0,0.0,S&SPOWER.NS
2025-03-20 00:00:00+05:30,308.8999938964844,308.8999938964844,300.8999938964844,308.8999938964844,2178,0.0,0.0,S&SPOWER.NS
2025-03-21 00:00:00+05:30,324.0,324.29998779296875,324.0,324.29998779296875,713,0.0,0.0,S&SPOWER.NS
2025-03-24 00:00:00+05:30,340.5,340.5,340.5,340.5,2331,0.0,0.0,S&SPOWER.NS
2025-03-25 00:00:00+05:30,357.5,357.5,357.5,357.5,3592,0.0,0.0,S&SPOWER.NS
2025-03-26 00:00:00+05:30,366.79998779296875,375.3500061035156,339.6499938964844,375.3500061035156,8471,0.0,0.0,S&SPOWER.NS
2025-03-27 00:00:00+05:30,387.95001220703125,394.1000061035156,386.70001220703125,394.1000061035156,4111,0.0,0.0,S&SPOWER.NS
2025-03-28 00:00:00+05:30,412.79998779296875,413.79998779296875,396.20001220703125,413.79998779296875,12796,0.0,0.0,S&SPOWER.NS
2025-04-01 00:00:00+05:30,424.0,434.45001220703125,393.1499938964844,393.1499938964844,25554,0.0,0.0,S&SPOWER.NS
2025-04-02 00:00:00+05:30,374.04998779296875,387.0,373.5,380.29998779296875,5440,0.0,0.0,S&SPOWER.NS
2025-04-03 00:00:00+05:30,379.95001220703125,399.25,370.20001220703125,390.70001220703125,3455,0.0,0.0,S&SPOWER.NS
2025-04-04 00:00:00+05:30,371.6000061035156,402.0,371.6000061035156,388.04998779296875,603,0.0,0.0,S&SPOWER.NS
2025-04-07 00:00:00+05:30,370.04998779296875,383.95001220703125,370.04998779296875,378.70001220703125,2574,0.0,0.0,S&SPOWER.NS
2025-04-08 00:00:00+05:30,363.04998779296875,393.0,363.04998779296875,365.25,2457,0.0,0.0,S&SPOWER.NS
2025-04-09 00:00:00+05:30,383.0,383.0,357.04998779296875,379.0,1715,0.0,0.0,S&SPOWER.NS
2025-04-11 00:00:00+05:30,396.54998779296875,396.54998779296875,375.29998779296875,385.6499938964844,1482,0.0,0.0,S&SPOWER.NS
2025-04-15 00:00:00+05:30,385.20001220703125,389.0,371.25,373.1499938964844,4602,0.0,0.0,S&SPOWER.NS
2025-04-16 00:00:00+05:30,371.29998779296875,382.0,360.1000061035156,379.6000061035156,1929,0.0,0.0,S&SPOWER.NS
2025-04-17 00:00:00+05:30,387.8999938964844,387.8999938964844,362.1499938964844,377.54998779296875,2414,0.0,0.0,S&SPOWER.NS
2025-04-21 00:00:00+05:30,365.04998779296875,376.8999938964844,365.04998779296875,366.6499938964844,1716,0.0,0.0,S&SPOWER.NS
2025-04-22 00:00:00+05:30,384.95001220703125,384.95001220703125,367.0,384.95001220703125,9619,0.0,0.0,S&SPOWER.NS
2025-04-23 00:00:00+05:30,384.95001220703125,401.0,384.95001220703125,397.1499938964844,3735,0.0,0.0,S&SPOWER.NS
2025-04-24 00:00:00+05:30,406.95001220703125,406.95001220703125,398.0,403.6499938964844,1255,0.0,0.0,S&SPOWER.NS
2025-04-25 00:00:00+05:30,391.0,414.0,385.0,397.8999938964844,3897,0.0,0.0,S&SPOWER.NS
2025-04-28 00:00:00+05:30,397.95001220703125,405.0,397.95001220703125,400.04998779296875,911,0.0,0.0,S&SPOWER.NS
